Sample	Intensity	Prevalence	Year	Depth	Weight	Length	Sex	Stage	Age	Area
1	0	0	1999	220	148	26	0	0	0	2
2	0	0	1999	220	144	26	0	0	0	2
3	0	0	1999	220	146	27	0	0	0	2
4	0	0	1999	220	138	26	0	0	0	2
5	0	0	1999	220	40	17	0	0	0	2
6	0	0	1999	220	68	20	0	0	0	2
7	0	0	1999	220	52	19	0	0	0	2
8	0	0	1999	194	3848	77	0	0	0	3
9	0	0	1999	194	2576	67	0	0	0	3
10	0	0	1999	194	1972	60	0	0	0	3
11	0	0	1999	194	2272	62	0	0	0	3
12	0	0	1999	194	1046	49	0	0	0	3
13	0	0	1999	194	1186	52	0	0	0	3
14	0	0	1999	194	776	45	0	0	0	3
15	0	0	1999	194	2372	61	0	0	0	3
16	0	0	1999	194	1194	54	0	0	0	3
17	0	0	1999	194	3574	71	0	0	0	3
18	0	0	1999	194	2138	65	0	0	0	3
19	0	0	1999	194	2222	59	0	0	0	3
20	0	0	1999	194	2482	62	0	0	0	3
21	0	0	1999	194	2164	61	0	0	0	3
22	0	0	1999	194	1772	57	0	0	0	3
23	0	0	1999	194	494	39	0	0	0	3
24	0	0	1999	194	3130	67	0	0	0	3
25	0	0	1999	194	2708	65	0	0	0	3
26	0	0	1999	194	2394	66	0	0	0	3
27	0	0	1999	194	2212	64	0	0	0	3
28	0	0	1999	194	3110	65	0	0	0	3
29	0	0	1999	194	2218	62	0	0	0	3
30	0	0	1999	194	2222	60	0	0	0	3
31	0	0	1999	194	2398	62	0	0	0	3
32	0	0	1999	235	368	35	0	0	0	4
33	0	0	1999	235	306	34	0	0	0	4
34	0	0	1999	235	318	35	0	0	0	4
35	0	0	1999	235	276	32	0	0	0	4
36	0	0	1999	278	84	22	0	0	0	4
37	0	0	1999	51	1016	47	2	1	3	1
38	0	0	1999	51	1584	53	1	1	5	1
39	0	0	1999	51	1354	55	1	1	4	1
40	0	0	1999	51	1518	52	1	1	4	1
41	0	0	1999	51	1382	51	2	1	4	1
42	0	0	1999	51	1648	55	1	1	4	1
43	0	0	1999	51	1354	51	2	1	5	1
44	0	0	1999	51	1870	54	2	1	5	1
45	0	0	1999	51	1272	53	2	1	5	1
46	0	0	1999	51	1360	50	1	1	4	1
47	0	0	1999	51	936	45	2	1	3	1
48	0	0	1999	51	1650	55	2	1	5	1
49	0	0	1999	51	1504	53	1	1	5	1
50	0	0	1999	51	1008	48	2	1	3	1
51	0	0	1999	51	896	46	2	1	3	1
52	0	0	1999	51	3016	68	1	1	5	1
53	0	0	1999	85	470	37	1	1	2	1
54	0	0	1999	85	520	38	1	1	2	1
55	0	0	1999	85	470	38	1	1	2	1
56	0	0	1999	85	558	39	2	1	3	1
57	0	0	1999	85	3076	68	2	1	5	1
58	0	0	1999	85	1536	57	2	1	4	1
59	0	0	1999	85	1916	60	2	1	4	1
60	0	0	1999	85	320	32	1	1	2	1
61	0	0	1999	85	1152	49	1	1	4	1
62	0	0	1999	85	1284	54	1	1	5	1
63	0	0	1999	85	4712	80	1	1	7	1
64	0	0	1999	85	2182	60	2	1	4	1
65	0	0	1999	85	976	49	1	1	3	1
66	0	0	1999	85	408	36	1	1	2	1
67	0	0	1999	85	242	30	2	1	2	1
68	0	0	1999	85	644	41	2	1	3	1
69	0	0	1999	85	540	39	2	1	2	1
70	0	0	1999	85	326	33	1	1	2	1
71	0	0	1999	85	300	33	1	1	2	1
72	0	0	1999	85	232	29	2	1	2	1
73	0	0	1999	85	822	45	1	1	3	1
74	0	0	1999	85	692	43	1	1	3	1
75	0	0	1999	85	438	36	2	1	2	1
76	0	0	1999	85	406	35	2	1	2	1
77	0	0	1999	85	240	30	2	1	2	1
78	0	0	1999	85	358	34	1	1	2	1
79	0	0	1999	137	476	38	2	1	3	1
80	0	0	1999	137	1478	55	1	1	4	1
81	0	0	1999	137	1672	57	1	1	5	1
82	0	0	1999	137	1582	56	2	1	3	1
83	0	0	1999	137	390	35	2	1	2	1
84	0	0	1999	150	1816	59	1	1	5	2
85	0	0	1999	150	3888	71	1	1	5	2
86	0	0	1999	150	1986	58	1	1	4	2
87	0	0	1999	150	2524	66	1	1	5	2
88	0	0	1999	150	1712	59	2	1	4	2
89	0	0	1999	150	1968	58	2	1	4	2
90	0	0	1999	150	2764	64	1	1	5	2
91	0	0	1999	150	3412	69	1	1	5	2
92	0	0	1999	150	2294	63	1	1	5	2
93	0	0	1999	150	552	38	1	1	2	2
94	0	0	1999	150	1422	54	2	1	4	2
95	0	0	1999	150	1028	47	2	1	3	2
96	0	0	1999	150	466	38	2	1	2	2
97	0	0	1999	150	432	35	1	1	2	2
98	0	0	1999	150	300	31	2	1	2	2
99	0	0	1999	150	2706	67	1	1	5	2
100	0	0	1999	150	1154	52	1	1	3	2
101	0	0	1999	150	1146	52	1	1	4	2
102	0	0	1999	100	2352	64	1	1	6	2
103	0	0	1999	100	2084	60	2	1	4	2
104	0	0	1999	100	1008	48	2	1	3	2
105	0	0	1999	100	3970	73	2	1	5	2
106	0	0	1999	100	1738	55	2	1	5	2
107	0	0	1999	100	844	45	2	1	3	2
108	0	0	1999	100	3688	74	1	1	6	2
109	0	0	1999	100	2848	67	1	1	5	2
110	0	0	1999	100	1090	47	2	1	3	2
111	0	0	1999	292	826	49	2	1	3	2
112	0	0	1999	220	2086	61	1	1	5	2
113	0	0	1999	220	1744	58	2	1	5	2
114	0	0	1999	220	2118	60	1	1	5	2
115	0	0	1999	220	750	45	2	1	3	2
116	0	0	1999	220	1570	58	2	1	5	2
117	0	0	1999	220	326	33	2	1	2	2
118	0	0	1999	220	4292	77	1	1	6	2
119	0	0	1999	220	220	30	1	1	2	2
120	0	0	1999	220	262	32	2	1	2	2
121	0	0	1999	220	184	28	1	1	2	2
122	0	0	1999	220	180	28	1	1	2	2
123	0	0	1999	220	976	48	1	1	3	2
124	0	0	1999	220	1344	52	2	1	4	2
125	0	0	1999	220	2926	67	1	1	5	2
126	0	0	1999	220	544	41	1	1	3	2
127	0	0	1999	220	774	44	2	1	3	2
128	0	0	1999	220	452	37	2	1	2	2
129	0	0	1999	220	258	32	1	1	2	2
130	0	0	1999	220	190	29	2	1	2	2
131	0	0	1999	220	266	32	1	1	2	2
132	0	0	1999	220	196	29	1	1	0	2
133	0	0	1999	99	1846	59	1	1	4	3
134	0	0	1999	99	1312	53	2	1	4	3
135	0	0	1999	99	3302	73	2	1	5	3
136	0	0	1999	99	1258	50	2	1	4	3
137	0	0	1999	99	1848	57	1	1	6	3
138	0	0	1999	99	1246	51	2	1	4	3
139	0	0	1999	99	2038	59	2	1	4	3
140	0	0	1999	99	4738	77	1	1	6	3
141	0	0	1999	99	1248	51	2	1	4	3
142	0	0	1999	99	1072	48	1	1	3	3
143	0	0	1999	99	854	46	2	1	3	3
144	0	0	1999	99	2168	62	2	1	4	3
145	0	0	1999	99	1108	50	2	1	4	3
146	0	0	1999	99	1122	50	1	1	4	3
147	0	0	1999	99	2050	61	1	1	4	3
148	0	0	1999	99	1168	51	2	1	4	3
149	0	0	1999	99	1334	53	2	1	4	3
150	0	0	1999	99	964	47	2	1	3	3
151	0	0	1999	99	678	41	2	1	2	3
152	0	0	1999	99	1076	49	2	1	4	3
153	0	0	1999	99	1238	52	1	1	4	3
154	0	0	1999	99	1824	58	1	1	4	3
155	0	0	1999	99	860	44	1	1	3	3
156	0	0	1999	99	1260	50	2	1	4	3
157	0	0	1999	99	1154	52	1	1	4	3
158	0	0	1999	99	936	43	1	1	3	3
159	0	0	1999	99	1598	55	2	1	4	3
160	0	0	1999	99	2500	65	2	1	5	3
161	0	0	1999	99	1942	59	1	1	4	3
162	0	0	1999	270	770	47	2	1	4	3
163	0	0	1999	270	538	40	2	1	3	3
164	0	0	1999	270	3862	78	1	1	6	3
165	0	0	1999	270	878	48	2	1	4	3
166	0	0	1999	270	1438	55	1	1	4	3
167	0	0	1999	270	1592	59	2	1	5	3
168	0	0	1999	270	1250	53	2	1	4	3
169	0	0	1999	270	1226	51	1	1	4	3
170	0	0	1999	270	1326	53	1	1	4	3
171	0	0	1999	270	1104	49	2	1	4	3
172	0	0	1999	270	1982	63	2	1	5	3
173	0	0	1999	270	2480	64	1	1	5	3
174	0	0	1999	270	1142	51	2	1	4	3
175	0	0	1999	270	488	39	1	1	4	3
176	0	0	1999	270	1382	55	1	1	4	3
177	0	0	1999	256	1714	59	2	1	4	3
178	0	0	1999	256	754	45	1	1	4	3
179	0	0	1999	256	1618	61	1	1	5	3
180	0	0	1999	256	2122	64	2	1	5	3
181	0	0	1999	256	604	38	1	1	3	3
182	0	0	1999	256	2780	65	1	1	6	3
183	0	0	1999	256	2318	64	1	1	4	3
184	0	0	1999	256	1344	53	1	1	4	3
185	0	0	1999	256	1674	60	2	1	8	3
186	0	0	1999	256	1144	53	1	1	7	3
187	0	0	1999	256	1052	51	2	1	3	3
188	0	0	1999	172	2034	57	2	1	5	3
189	0	0	1999	172	674	42	2	1	3	3
190	0	0	1999	172	862	47	1	1	3	3
191	0	0	1999	172	612	40	1	1	3	3
192	0	0	1999	172	2528	64	2	1	4	3
193	0	0	1999	172	1516	55	1	1	4	3
194	0	0	1999	172	906	47	1	1	4	3
195	0	0	1999	172	434	38	2	1	3	3
196	0	0	1999	172	182	29	1	1	2	3
197	0	0	1999	172	230	31	1	1	2	3
198	0	0	1999	172	200	29	1	1	2	3
199	0	0	1999	172	222	29	1	1	2	3
200	0	0	1999	172	238	30	2	1	2	3
201	0	0	1999	172	176	28	2	1	2	3
202	0	0	1999	172	198	30	1	1	2	3
203	0	0	1999	172	168	29	1	1	2	3
204	0	0	1999	172	170	28	1	1	2	3
205	0	0	1999	172	204	30	2	1	2	3
206	0	0	1999	235	2496	68	1	1	6	4
207	0	0	1999	235	1198	50	2	1	3	4
208	0	0	1999	235	3678	75	1	1	5	4
209	0	0	1999	235	1036	50	1	1	4	4
210	0	0	1999	235	2898	73	1	1	5	4
211	0	0	1999	278	582	40	1	1	3	4
212	0	0	1999	278	986	48	2	1	4	4
213	0	0	1999	278	662	44	2	1	3	4
214	0	0	1999	278	270	33	1	1	2	4
215	0	0	1999	278	980	49	2	1	3	4
216	0	0	1999	278	1330	52	1	1	4	4
217	0	0	1999	278	364	36	2	1	2	4
218	0	0	1999	110	3190	68	2	1	6	4
219	0	0	1999	110	626	42	1	1	3	4
220	0	0	1999	110	788	46	1	1	3	4
221	0	0	1999	110	968	51	2	1	5	4
222	0	0	1999	110	1322	54	1	1	4	4
223	0	0	1999	110	1400	54	2	1	4	4
224	0	0	1999	110	942	48	2	1	4	4
225	0	0	1999	110	1104	53	2	1	4	4
226	0	0	1999	110	500	40	1	1	3	4
227	0	0	1999	110	296	33	2	1	2	4
228	0	0	1999	110	168	29	1	1	2	4
229	0	0	1999	110	370	36	1	1	3	4
230	0	0	1999	51	1544	53	2	2	4	1
231	0	0	1999	51	1520	53	2	2	4	1
232	0	0	1999	51	1912	58	1	2	6	1
233	0	0	1999	51	1144	49	2	2	4	1
234	0	0	1999	51	1472	51	2	2	4	1
235	0	0	1999	51	1418	51	2	2	5	1
236	0	0	1999	51	1330	49	2	2	3	1
237	0	0	1999	85	948	47	2	2	3	1
238	0	0	1999	200	2292	65	1	2	6	1
239	0	0	1999	200	2562	63	1	2	6	1
240	0	0	1999	100	1708	55	2	2	5	2
241	0	0	1999	100	1670	55	2	2	5	2
242	0	0	1999	100	1740	57	2	2	5	2
243	0	0	1999	100	2396	62	2	2	5	2
244	0	0	1999	220	3484	68	2	2	6	2
245	0	0	1999	99	2896	64	2	2	7	3
246	0	0	1999	99	1712	55	2	2	4	3
247	0	0	1999	99	1778	57	1	2	5	3
248	0	0	1999	99	1800	55	2	2	4	3
249	0	0	1999	99	4086	77	1	2	9	3
250	0	0	1999	99	1772	57	2	2	5	3
251	0	0	1999	99	2140	62	1	2	5	3
252	0	0	1999	99	1116	49	2	2	4	3
253	0	0	1999	99	1844	56	2	2	7	3
254	0	0	1999	99	1344	51	2	2	5	3
255	0	0	1999	270	1110	54	1	2	5	3
256	0	0	1999	270	2228	63	2	2	6	3
257	0	0	1999	270	1864	58	2	2	5	3
258	0	0	1999	270	1266	51	2	2	4	3
259	0	0	1999	270	1082	49	2	2	4	3
260	0	0	1999	256	2958	63	2	2	5	3
261	0	0	1999	256	3198	66	1	2	5	3
262	0	0	1999	256	2490	61	2	2	5	3
263	0	0	1999	256	3618	70	2	2	5	3
264	0	0	1999	256	3034	68	2	2	4	3
265	0	0	1999	172	2244	62	2	2	7	3
266	0	0	1999	172	1754	55	1	2	5	3
267	0	0	1999	172	178	28	1	2	2	3
268	0	0	1999	235	1578	54	2	2	4	4
269	0	0	1999	278	2130	59	2	2	5	4
270	0	0	1999	110	1304	50	1	2	4	4
271	0	0	1999	110	4098	74	2	2	8	4
272	0	0	1999	110	6390	88	1	2	8	4
273	0	0	1999	150	7854	90	1	4	7	2
274	0	0	1999	150	NA	NA	1	4	8	2
275	0	0	1999	100	6916	86	1	4	9	2
276	0	0	1999	100	2980	65	1	4	7	2
277	0	0	1999	220	4018	72	1	4	6	2
278	0	0	1999	270	2552	63	1	4	5	3
279	0	0	2000	57	1474	51	1	1	6	1
280	0	0	2000	57	1608	57	2	1	6	1
281	0	0	2000	57	830	47	1	1	3	1
282	0	0	2000	50	992	48	2	1	3	1
283	0	0	2000	121	552	40	1	1	2	1
284	0	0	2000	121	1744	58	1	1	4	1
285	0	0	2000	121	668	42	1	1	2	1
286	0	0	2000	121	448	36	1	1	2	1
287	0	0	2000	121	410	36	1	1	2	1
288	0	0	2000	121	1222	51	1	1	3	1
289	0	0	2000	102	1538	54	1	1	4	2
290	0	0	2000	102	2820	62	1	1	6	2
291	0	0	2000	102	1116	49	2	1	3	2
292	0	0	2000	102	4058	75	2	1	6	2
293	0	0	2000	102	544	40	1	1	2	2
294	0	0	2000	102	398	35	2	1	2	2
295	0	0	2000	102	514	39	2	1	2	2
296	0	0	2000	102	1124	48	2	1	4	2
297	0	0	2000	102	1038	48	1	1	3	2
298	0	0	2000	102	1470	53	2	1	4	2
299	0	0	2000	102	4348	75	1	1	6	2
300	0	0	2000	102	440	36	2	1	2	2
301	0	0	2000	102	1984	59	2	1	6	2
302	0	0	2000	102	1966	61	1	1	4	2
303	0	0	2000	102	1094	49	2	1	4	2
304	0	0	2000	102	986	46	2	1	3	2
305	0	0	2000	293	3370	71	2	1	6	2
306	0	0	2000	293	920	46	2	1	3	2
307	0	0	2000	293	2394	66	2	1	7	2
308	0	0	2000	237	986	47	1	1	4	2
309	0	0	2000	237	1712	59	1	1	4	2
310	0	0	2000	237	506	39	2	1	3	2
311	0	0	2000	237	844	44	2	1	3	2
312	0	0	2000	237	292	31	1	1	2	2
313	0	0	2000	237	1364	52	2	1	4	2
314	0	0	2000	237	1056	50	1	1	3	2
315	0	0	2000	237	1746	56	2	1	5	2
316	0	0	2000	285	3618	77	2	1	5	3
317	0	0	2000	285	1546	55	1	1	4	3
318	0	0	2000	285	3388	70	2	1	5	3
319	0	0	2000	285	1328	55	2	1	5	3
320	0	0	2000	285	358	34	1	1	2	3
321	0	0	2000	285	1346	55	2	1	6	3
322	0	0	2000	285	4500	79	2	1	7	3
323	0	0	2000	285	1994	61	1	1	4	3
324	0	0	2000	285	930	47	2	1	4	3
325	0	0	2000	285	454	38	1	1	2	3
326	0	0	2000	285	1694	58	2	1	5	3
327	0	0	2000	285	1394	55	1	1	5	3
328	0	0	2000	285	922	49	1	1	4	3
329	0	0	2000	285	2196	62	1	1	5	3
330	0	0	2000	285	1734	59	2	1	5	3
331	0	0	2000	285	932	52	1	1	5	3
332	0	0	2000	285	3724	80	2	1	8	3
333	0	0	2000	285	1352	57	2	1	5	3
334	0	0	2000	285	2152	59	2	1	5	3
335	0	0	2000	285	1468	56	2	1	5	3
336	0	0	2000	285	2490	67	1	1	5	3
337	0	0	2000	285	1222	53	2	1	4	3
338	0	0	2000	285	208	30	1	1	2	3
339	0	0	2000	270	1404	55	1	1	4	4
340	0	0	2000	270	2366	59	2	1	5	4
341	0	0	2000	270	794	44	1	1	3	4
342	0	0	2000	260	314	33	1	1	2	4
343	0	0	2000	260	456	38	2	1	3	4
344	0	0	2000	260	508	41	2	1	2	4
345	0	0	2000	146	2858	67	2	1	6	3
346	0	0	2000	146	246	29	1	1	2	3
347	0	0	2000	146	276	32	2	1	2	3
348	0	0	2000	50	1370	51	2	2	5	1
349	0	0	2000	121	2882	67	1	2	6	1
350	0	0	2000	121	1950	60	2	2	6	1
351	0	0	2000	121	2428	63	2	2	5	1
352	0	0	2000	293	1622	54	2	2	5	2
353	0	0	2000	293	4672	81	1	2	6	2
354	0	0	2000	285	4228	76	2	2	6	3
355	0	0	2000	285	3174	73	2	2	7	3
356	0	0	2000	285	2262	64	2	2	5	3
357	0	0	2000	285	4498	79	2	2	6	3
358	0	0	2000	121	4434	77	1	4	6	1
359	0	0	2000	121	5476	78	1	4	10	1
360	0	0	2000	102	NA	NA	1	4	9	2
361	0	0	2000	102	2014	56	1	4	6	2
362	0	0	2000	102	4334	80	1	4	6	2
363	0	0	2000	146	1886	57	1	4	5	3
364	0	0	2000	146	6450	91	1	4	9	3
365	0	0	2001	193	34	17	0	0	1	3
366	0	0	2001	55	854	43	1	1	4	1
367	0	0	2001	55	1884	58	1	1	6	1
368	0	0	2001	55	1332	51	1	1	6	1
369	0	0	2001	55	1770	55	1	1	4	1
370	0	0	2001	55	1916	57	2	1	4	1
371	0	0	2001	55	1430	53	1	1	3	1
372	0	0	2001	55	1146	50	1	1	4	1
373	0	0	2001	55	1824	57	1	1	6	1
374	0	0	2001	55	1174	49	2	1	3	1
375	0	0	2001	55	1320	49	2	1	3	1
376	0	0	2001	55	1226	51	1	1	5	1
377	0	0	2001	90	1818	60	1	1	5	1
378	0	0	2001	90	956	47	1	1	4	1
379	0	0	2001	90	366	33	1	1	2	1
380	0	0	2001	90	278	30	1	1	2	1
381	0	0	2001	90	270	31	1	1	2	1
382	0	0	2001	112	1026	47	1	1	3	1
383	0	0	2001	112	1158	49	1	1	3	1
384	0	0	2001	112	354	35	1	1	2	1
385	0	0	2001	112	958	46	2	1	3	1
386	0	0	2001	112	268	31	1	1	2	1
387	0	0	2001	112	576	40	2	1	3	1
388	0	0	2001	112	2174	60	2	1	5	1
389	0	0	2001	112	500	36	1	1	2	1
390	0	0	2001	112	856	45	1	1	3	1
391	0	0	2001	112	640	40	1	1	2	1
392	0	0	2001	112	172	26	1	1	1	1
393	0	0	2001	112	392	35	1	1	2	1
394	0	0	2001	112	326	34	2	1	2	1
395	0	0	2001	112	188	28	1	1	1	1
396	0	0	2001	112	220	28	1	1	1	1
397	0	0	2001	112	170	26	2	1	1	1
398	0	0	2001	199	2788	72	1	1	6	2
399	0	0	2001	199	2178	63	1	1	5	2
400	0	0	2001	199	778	47	2	1	3	2
401	0	0	2001	199	1562	56	2	1	5	2
402	0	0	2001	199	764	43	1	1	3	2
403	0	0	2001	199	1458	55	2	1	4	2
404	0	0	2001	199	2092	63	1	1	6	2
405	0	0	2001	199	968	49	2	1	4	2
406	0	0	2001	199	1040	48	2	1	4	2
407	0	0	2001	199	3100	67	2	1	6	2
408	0	0	2001	199	346	37	1	1	2	2
409	0	0	2001	199	514	38	2	1	4	2
410	0	0	2001	199	3154	68	1	1	6	2
411	0	0	2001	199	1354	51	2	1	3	2
412	0	0	2001	199	3154	71	1	1	6	2
413	0	0	2001	199	1692	59	2	1	5	2
414	0	0	2001	199	886	46	1	1	3	2
415	0	0	2001	199	484	39	1	1	2	2
416	0	0	2001	199	242	32	1	1	2	2
417	0	0	2001	98	1316	54	2	1	4	3
418	0	0	2001	98	2464	63	1	1	4	3
419	0	0	2001	98	1770	57	1	1	3	3
420	0	0	2001	98	820	43	2	1	3	3
421	0	0	2001	98	1546	56	1	1	5	3
422	0	0	2001	98	1864	60	1	1	5	3
423	0	0	2001	98	2092	59	1	1	4	3
424	0	0	2001	98	2884	67	2	1	5	3
425	0	0	2001	98	1506	53	2	1	4	3
426	0	0	2001	98	1154	49	2	1	3	3
427	0	0	2001	98	1800	54	1	1	4	3
428	0	0	2001	98	1356	52	1	1	4	3
429	0	0	2001	98	1482	54	2	1	4	3
430	0	0	2001	98	1186	49	1	1	3	3
431	0	0	2001	98	1522	55	1	1	4	3
432	0	0	2001	98	1528	54	2	1	4	3
433	0	0	2001	98	610	40	1	1	3	3
434	0	0	2001	98	2038	62	1	1	4	3
435	0	0	2001	98	924	46	2	1	3	3
436	0	0	2001	98	404	36	2	1	2	3
437	0	0	2001	98	1026	49	1	1	3	3
438	0	0	2001	98	1108	51	1	1	3	3
439	0	0	2001	98	1462	53	1	1	3	3
440	0	0	2001	98	1466	54	2	1	4	3
441	0	0	2001	98	1496	56	1	1	4	3
442	0	0	2001	220	1566	56	2	1	4	4
443	0	0	2001	220	1678	60	1	1	4	4
444	0	0	2001	125	1742	62	2	1	5	4
445	0	0	2001	125	2362	65	2	1	4	4
446	0	0	2001	140	2088	63	1	1	3	4
447	0	0	2001	140	1108	49	2	1	3	4
448	0	0	2001	140	1040	49	2	1	4	4
449	0	0	2001	140	768	45	1	1	4	4
450	0	0	2001	140	832	46	2	1	3	4
451	0	0	2001	140	1388	55	2	1	4	4
452	0	0	2001	140	1028	48	1	1	4	4
453	0	0	2001	140	634	41	2	1	3	4
454	0	0	2001	140	508	38	2	1	3	4
455	0	0	2001	228	3096	71	1	1	6	4
456	0	0	2001	228	2476	66	1	1	5	4
457	0	0	2001	228	798	49	2	1	4	4
458	0	0	2001	228	648	43	2	1	3	4
459	0	0	2001	228	542	41	2	1	4	4
460	0	0	2001	228	452	39	2	1	3	4
461	0	0	2001	228	356	34	2	1	2	4
462	0	0	2001	228	202	29	2	1	1	4
463	0	0	2001	228	194	29	2	1	2	4
464	0	0	2001	228	110	24	2	1	2	4
465	0	0	2001	228	94	23	2	1	1	4
466	0	0	2001	228	130	26	2	1	1	4
467	0	0	2001	228	52	19	2	1	1	4
468	0	0	2001	228	40	17	2	1	1	4
469	0	0	2001	228	46	18	2	1	1	4
470	0	0	2001	180	1432	52	2	1	3	3
471	0	0	2001	180	2280	62	1	1	6	3
472	0	0	2001	180	1228	52	1	1	4	3
473	0	0	2001	180	544	38	1	1	3	3
474	0	0	2001	180	686	42	2	1	3	3
475	0	0	2001	180	506	36	1	1	2	3
476	0	0	2001	180	758	43	1	1	3	3
477	0	0	2001	180	1356	50	1	1	6	3
478	0	0	2001	180	994	47	1	1	4	3
479	0	0	2001	180	1608	54	2	1	4	3
480	0	0	2001	180	1014	47	1	1	3	3
481	0	0	2001	180	570	39	1	1	3	3
482	0	0	2001	180	710	44	1	1	3	3
483	0	0	2001	193	2834	71	2	1	5	3
484	0	0	2001	193	2018	62	2	1	4	3
485	0	0	2001	193	1746	57	1	1	4	3
486	0	0	2001	193	2552	66	1	1	5	3
487	0	0	2001	193	840	47	2	1	4	3
488	0	0	2001	193	240	31	2	1	2	3
489	0	0	2001	193	132	25	1	1	1	3
490	0	0	2001	193	212	29	2	1	2	3
491	0	0	2001	193	148	25	1	1	1	3
492	0	0	2001	193	152	27	2	1	2	3
493	0	0	2001	122	3372	72	1	1	6	3
494	0	0	2001	122	2314	68	2	1	5	3
495	0	0	2001	122	1680	61	2	1	5	3
496	0	0	2001	122	1272	54	2	1	4	3
497	0	0	2001	122	792	48	1	1	3	3
498	0	0	2001	122	2402	66	1	1	5	3
499	0	0	2001	122	1592	55	2	1	4	3
500	0	0	2001	122	1956	63	2	1	5	3
501	0	0	2001	122	1016	47	1	1	3	3
502	0	0	2001	122	208	29	1	1	2	3
503	0	0	2001	122	140	25	1	1	2	3
504	0	0	2001	122	1344	54	2	1	4	3
505	0	0	2001	122	1876	61	2	1	5	3
506	0	0	2001	122	694	43	1	1	3	3
507	0	0	2001	122	164	27	2	1	2	3
508	0	0	2001	122	46	18	2	1	1	3
509	0	0	2001	122	38	17	2	1	1	3
510	0	0	2001	256	2986	67	1	1	5	3
511	0	0	2001	256	900	48	2	1	3	3
512	0	0	2001	256	1240	52	1	1	3	3
513	0	0	2001	256	856	46	2	1	3	3
514	0	0	2001	256	1040	48	1	1	4	3
515	0	0	2001	256	482	38	2	1	3	3
516	0	0	2001	256	2624	69	1	1	6	3
517	0	0	2001	256	776	45	2	1	3	3
518	0	0	2001	256	816	44	1	1	3	3
519	0	0	2001	283	2450	65	2	1	6	2
520	0	0	2001	283	1534	55	2	1	4	2
521	0	0	2001	283	2342	62	1	1	5	2
522	0	0	2001	283	1608	54	1	1	6	2
523	0	0	2001	283	2608	59	1	1	7	2
524	0	0	2001	283	394	36	2	1	3	2
525	0	0	2001	283	502	38	1	1	3	2
526	0	0	2001	283	2692	63	1	1	8	2
527	0	0	2001	283	1384	49	1	1	5	2
528	0	0	2001	283	1292	53	1	1	3	2
529	0	0	2001	283	982	47	2	1	4	2
530	0	0	2001	260	3358	74	2	1	6	2
531	0	0	2001	260	360	35	2	1	2	2
532	0	0	2001	260	472	39	1	1	3	2
533	0	0	2001	276	154	26	1	1	1	2
534	0	0	2001	110	1376	52	1	1	4	2
535	0	0	2001	110	2548	62	1	1	5	2
536	0	0	2001	110	1614	54	1	1	4	2
537	0	0	2001	110	1374	51	1	1	4	2
538	0	0	2001	110	1516	54	1	1	3	2
539	0	0	2001	110	924	48	2	1	3	2
540	0	0	2001	110	2546	63	1	1	4	2
541	0	0	2001	110	1416	52	1	1	4	2
542	0	0	2001	110	420	35	2	1	2	2
543	0	0	2001	110	984	54	2	1	4	2
544	0	0	2001	110	1130	49	2	1	3	2
545	0	0	2001	110	3788	65	1	1	7	2
546	0	0	2001	55	2158	60	2	2	5	1
547	0	0	2001	55	1726	54	1	2	5	1
548	0	0	2001	55	1762	57	2	2	5	1
549	0	0	2001	55	1240	51	2	2	4	1
550	0	0	2001	55	1594	55	2	2	5	1
551	0	0	2001	55	1180	51	2	2	4	1
552	0	0	2001	55	1236	51	2	2	4	1
553	0	0	2001	55	1000	44	2	2	4	1
554	0	0	2001	55	2388	63	2	2	5	1
555	0	0	2001	55	1704	54	2	2	5	1
556	0	0	2001	55	1236	49	2	2	4	1
557	0	0	2001	55	1406	53	2	2	6	1
558	0	0	2001	55	1500	55	2	2	5	1
559	0	0	2001	55	1390	54	2	2	5	1
560	0	0	2001	55	1372	53	2	2	4	1
561	0	0	2001	90	3446	70	2	2	6	1
562	0	0	2001	112	2724	65	2	2	7	1
563	0	0	2001	98	1798	57	2	2	6	3
564	0	0	2001	98	1682	54	2	2	6	3
565	0	0	2001	220	9166	94	2	2	8	4
566	0	0	2001	125	2614	61	1	2	7	4
567	0	0	2001	228	1828	57	2	2	5	4
568	0	0	2001	180	2672	66	1	2	7	3
569	0	0	2001	180	1740	59	2	2	5	3
570	0	0	2001	180	564	38	2	2	3	3
571	0	0	2001	193	2508	63	2	2	6	3
572	0	0	2001	193	3472	70	2	2	6	3
573	0	0	2001	193	2496	64	2	2	7	3
574	0	0	2001	122	3018	65	2	2	7	3
575	0	0	2001	256	2082	60	2	2	5	3
576	0	0	2001	256	1714	56	2	2	7	3
577	0	0	2001	283	1316	49	2	2	6	2
578	0	0	2001	283	1114	46	2	2	6	2
579	0	0	2001	283	1790	55	2	2	7	2
580	0	0	2001	276	3206	71	2	2	7	2
581	0	0	2001	110	2128	59	2	2	4	2
582	0	0	2001	110	2240	62	2	2	5	2
583	0	0	2001	110	2092	60	2	2	4	2
584	0	0	2001	110	3652	72	2	2	5	2
585	0	0	2001	110	1828	55	2	2	4	2
586	0	0	2001	110	2138	59	2	2	6	2
587	0	0	2001	110	2224	63	2	2	4	2
588	0	0	2001	110	1784	56	1	2	4	2
589	0	0	2001	110	1480	56	1	2	4	2
590	0	0	2001	110	1908	56	2	2	5	2
591	0	0	2001	110	1472	50	2	2	4	2
592	0	0	2001	55	3702	69	2	4	6	1
593	0	0	2001	55	1550	53	2	4	5	1
594	0	0	2001	55	4070	75	1	4	8	1
595	0	0	2001	55	1896	58	2	4	7	1
596	0	0	2001	55	3658	71	2	4	8	1
597	0	0	2001	55	3762	74	2	4	10	1
598	0	0	2001	55	7270	90	1	4	8	1
599	0	0	2001	55	6934	93	2	4	8	1
600	0	0	2001	90	5108	82	1	4	9	1
601	0	0	2001	90	3948	72	2	4	6	1
602	0	0	2001	90	3042	69	2	4	6	1
603	0	0	2001	112	3266	72	1	4	7	1
604	0	0	2001	112	2230	63	2	4	7	1
605	0	0	2001	112	2552	63	2	4	5	1
606	0	0	2001	199	9990	101	2	4	9	2
607	0	0	2001	199	2988	70	1	4	5	2
608	0	0	2001	199	4180	82	1	4	7	2
609	0	0	2001	199	2828	72	2	4	7	2
610	0	0	2001	199	2956	67	1	4	5	2
611	0	0	2001	199	2580	69	1	4	7	2
612	0	0	2001	199	2682	66	1	4	5	2
613	0	0	2001	199	NA	NA	1	4	0	2
614	0	0	2001	98	4676	83	1	4	8	3
615	0	0	2001	98	4130	73	2	4	8	3
616	0	0	2001	98	2200	62	2	4	5	3
617	0	0	2001	98	7098	85	1	4	7	3
618	0	0	2001	98	3004	67	2	4	5	3
619	0	0	2001	98	5902	82	1	4	6	3
620	0	0	2001	98	4286	78	1	4	6	3
621	0	0	2001	98	4564	80	1	4	6	3
622	0	0	2001	98	1956	59	1	4	5	3
623	0	0	2001	98	2324	62	2	4	4	3
624	0	0	2001	98	2186	62	2	4	6	3
625	0	0	2001	125	7208	96	2	4	7	4
626	0	0	2001	125	2814	66	1	4	8	4
627	0	0	2001	125	3912	80	1	4	7	4
628	0	0	2001	125	2534	71	1	4	7	4
629	0	0	2001	140	2758	66	2	4	5	4
630	0	0	2001	140	1366	54	1	4	5	4
631	0	0	2001	140	2560	69	1	4	7	4
632	0	0	2001	228	7242	91	1	4	7	4
633	0	0	2001	228	4734	78	2	4	6	4
634	0	0	2001	228	4084	76	1	4	6	4
635	0	0	2001	228	5964	82	1	4	7	4
636	0	0	2001	193	6532	91	1	4	7	3
637	0	0	2001	193	7264	94	1	4	7	3
638	0	0	2001	122	8426	92	1	4	10	3
639	0	0	2001	122	4892	79	1	4	8	3
640	0	0	2001	122	3094	73	2	4	7	3
641	0	0	2001	122	5664	85	2	4	7	3
642	0	0	2001	122	3152	74	1	4	7	3
643	0	0	2001	122	2414	67	1	4	5	3
644	0	0	2001	122	3426	68	2	4	6	3
645	0	0	2001	122	3536	71	1	4	7	3
646	0	0	2001	122	2900	75	1	4	7	3
647	0	0	2001	256	3544	71	2	4	6	3
648	0	0	2001	256	3194	71	1	4	6	3
649	0	0	2001	256	8068	94	1	4	10	3
650	0	0	2001	256	3594	69	1	4	5	3
651	0	0	2001	283	2516	64	1	4	9	2
652	0	0	2001	283	3220	66	2	4	8	2
653	0	0	2001	283	1830	59	2	4	6	2
654	0	0	2001	110	3336	65	1	4	7	2
655	1	1	1999	194	2154	59	0	0	0	3
656	1	1	1999	194	1446	56	0	0	0	3
657	1	1	1999	194	4660	81	0	0	0	3
658	1	1	1999	235	1034	52	0	0	0	4
659	1	1	1999	85	1968	60	2	1	5	1
660	1	1	1999	85	1536	52	1	1	5	1
661	1	1	1999	85	376	36	1	1	2	1
662	1	1	1999	85	1070	48	1	1	3	1
663	1	1	1999	85	100	23	2	1	1	1
664	1	1	1999	137	3754	74	1	1	5	1
665	1	1	1999	137	2916	70	1	1	4	1
666	1	1	1999	150	1744	57	2	1	4	2
667	1	1	1999	150	558	37	1	1	2	2
668	1	1	1999	150	1572	54	1	1	5	2
669	1	1	1999	150	904	50	1	1	3	2
670	1	1	1999	100	1204	51	2	1	3	2
671	1	1	1999	220	1490	55	2	1	5	2
672	1	1	1999	220	362	35	2	1	3	2
673	1	1	1999	220	650	42	2	1	4	2
674	1	1	1999	99	1820	58	2	1	3	3
675	1	1	1999	270	1384	55	2	1	4	3
676	1	1	1999	270	1700	60	2	1	6	3
677	1	1	1999	270	1382	56	2	1	5	3
678	1	1	1999	270	826	45	2	1	3	3
679	1	1	1999	235	718	43	2	1	3	4
680	1	1	1999	235	766	43	2	1	3	4
681	1	1	1999	278	626	42	1	1	3	4
682	1	1	1999	200	2770	67	2	2	6	1
683	1	1	1999	200	4076	76	1	2	6	1
684	1	1	1999	200	2120	60	2	2	5	1
685	1	1	1999	200	1968	58	2	2	5	1
686	1	1	1999	200	1928	58	2	2	6	1
687	1	1	1999	200	7408	91	1	2	10	1
688	1	1	1999	292	NA	NA	1	2	10	2
689	1	1	1999	99	1256	50	1	2	4	3
690	1	1	1999	99	1754	57	2	2	5	3
691	1	1	1999	278	3452	73	2	2	5	4
692	1	1	1999	137	2168	60	1	4	5	1
693	2	1	1999	194	3442	72	0	0	0	3
694	2	1	1999	194	2248	59	0	0	0	3
695	2	1	1999	85	2606	65	1	1	5	1
696	2	1	1999	85	706	42	2	1	3	1
697	2	1	1999	200	2368	61	1	1	5	1
698	2	1	1999	200	984	48	2	1	4	1
699	2	1	1999	137	1568	55	2	1	4	1
700	2	1	1999	137	244	31	1	1	2	1
701	2	1	1999	292	1582	59	1	1	4	2
702	2	1	1999	292	2226	62	1	1	5	2
703	2	1	1999	99	1484	53	1	1	5	3
704	2	1	1999	270	808	47	2	1	4	3
705	2	1	1999	270	908	47	2	1	4	3
706	2	1	1999	270	928	48	2	1	4	3
707	2	1	1999	270	390	34	1	1	2	3
708	2	1	1999	256	1058	49	1	1	3	3
709	2	1	1999	172	1350	53	1	1	4	3
710	2	1	1999	172	236	31	2	1	2	3
711	2	1	1999	235	1244	55	1	1	4	4
712	2	1	1999	235	1320	55	2	1	4	4
713	2	1	1999	278	1938	60	2	1	5	4
714	2	1	1999	278	1882	65	2	1	5	4
715	2	1	1999	110	1174	52	2	1	4	4
716	2	1	1999	110	1306	53	1	1	4	4
717	2	1	1999	200	1866	58	2	2	5	1
718	2	1	1999	200	1924	57	1	2	5	1
719	2	1	1999	200	2126	63	1	2	6	1
720	2	1	1999	200	1876	57	2	2	5	1
721	2	1	1999	200	1512	52	2	2	4	1
722	2	1	1999	200	2608	64	1	2	6	1
723	2	1	1999	200	1886	56	2	2	5	1
724	2	1	1999	200	1438	53	2	2	5	1
725	2	1	1999	200	1772	55	2	2	5	1
726	3	1	1999	194	2012	59	0	0	0	3
727	3	1	1999	235	164	28	0	0	0	4
728	3	1	1999	85	476	38	1	1	2	1
729	3	1	1999	85	1626	52	1	1	4	1
730	3	1	1999	85	416	36	2	1	2	1
731	3	1	1999	85	290	31	2	1	2	1
732	3	1	1999	85	368	36	2	1	2	1
733	3	1	1999	85	296	32	2	1	2	1
734	3	1	1999	200	690	43	1	1	3	1
735	3	1	1999	137	682	42	1	1	3	1
736	3	1	1999	137	1988	60	1	1	4	1
737	3	1	1999	256	1294	53	2	1	3	3
738	3	1	1999	200	5400	83	1	2	6	1
739	3	1	1999	200	1632	55	1	2	5	1
740	3	1	1999	200	1970	60	1	2	5	1
741	3	1	1999	200	2408	64	2	2	6	1
742	3	1	1999	200	NA	NA	2	2	10	1
743	3	1	1999	99	3504	70	1	2	8	3
744	3	1	1999	99	1804	54	2	2	4	3
745	3	1	1999	137	4336	76	1	4	5	1
746	3	1	1999	137	3902	77	1	4	7	1
747	4	1	1999	235	508	39	0	0	0	4
748	4	1	1999	85	468	38	2	1	2	1
749	4	1	1999	137	1196	51	2	1	4	1
750	4	1	1999	220	630	42	2	1	2	2
751	4	1	1999	270	4562	81	1	1	8	3
752	4	1	1999	270	546	41	2	1	3	3
753	4	1	1999	256	1704	62	1	1	4	3
754	4	1	1999	256	2432	61	2	1	7	3
755	4	1	1999	256	1386	57	1	1	4	3
756	4	1	1999	278	1006	50	2	1	4	4
757	4	1	1999	278	172	29	2	1	2	4
758	4	1	1999	110	204	30	1	1	2	4
759	4	1	1999	110	444	39	2	1	3	4
760	4	1	1999	85	2144	60	2	2	5	1
761	4	1	1999	200	1410	57	1	2	5	1
762	4	1	1999	200	2620	65	2	2	6	1
763	4	1	1999	110	1714	55	2	2	4	4
764	5	1	1999	194	1698	55	0	0	0	3
765	5	1	1999	194	1998	62	0	0	0	3
766	5	1	1999	235	498	41	0	0	0	4
767	5	1	1999	85	776	43	1	1	3	1
768	5	1	1999	150	1446	55	1	1	4	2
769	5	1	1999	220	2100	64	1	1	5	2
770	5	1	1999	220	2072	61	1	1	5	2
771	5	1	1999	220	2184	62	2	1	5	2
772	5	1	1999	270	1570	54	2	1	5	3
773	5	1	1999	200	2632	62	2	2	6	1
774	5	1	1999	200	1782	56	1	2	5	1
775	5	1	1999	137	1318	49	2	2	5	1
776	6	1	1999	85	420	37	1	1	2	1
777	6	1	1999	200	296	32	1	1	2	1
778	6	1	1999	137	2282	64	1	1	5	1
779	6	1	1999	150	1902	62	1	1	5	2
780	6	1	1999	270	1636	58	1	1	5	3
781	6	1	1999	235	1998	59	1	1	4	4
782	6	1	1999	235	506	40	1	1	3	4
783	6	1	1999	278	1320	52	1	1	4	4
784	6	1	1999	200	1796	57	1	2	5	1
785	6	1	1999	200	2338	64	1	2	5	1
786	6	1	1999	200	1692	54	2	2	5	1
787	7	1	1999	235	562	42	0	0	0	4
788	7	1	1999	85	1994	56	1	1	4	1
789	7	1	1999	137	2476	64	1	1	5	1
790	7	1	1999	150	1200	52	2	1	4	2
791	7	1	1999	150	1350	54	1	1	4	2
792	7	1	1999	220	1706	59	1	1	4	2
793	7	1	1999	278	3056	74	1	1	6	4
794	7	1	1999	278	812	46	1	1	3	4
795	7	1	1999	278	1364	54	1	1	4	4
796	7	1	1999	137	7160	86	1	4	10	1
797	8	1	1999	137	296	33	2	1	2	1
798	8	1	1999	235	692	45	2	1	4	4
799	8	1	1999	200	1136	48	2	2	4	1
800	8	1	1999	220	1812	57	2	2	4	2
801	8	1	1999	99	2408	67	2	2	5	3
802	9	1	1999	85	1246	51	2	1	3	1
803	9	1	1999	270	762	48	1	1	4	3
804	9	1	1999	278	2818	68	1	1	5	4
805	9	1	1999	200	1948	60	1	2	5	1
806	10	1	1999	235	332	36	0	0	0	4
807	10	1	1999	200	3450	71	1	1	6	1
808	10	1	1999	235	670	42	1	1	3	4
809	10	1	1999	278	206	29	2	1	2	4
810	10	1	1999	200	2286	62	1	2	5	1
811	10	1	1999	200	1888	56	2	2	5	1
812	10	1	1999	137	1878	61	2	2	5	1
813	10	1	1999	99	2036	59	1	2	6	3
814	11	1	1999	235	898	49	0	0	0	4
815	11	1	1999	292	2066	64	1	1	6	2
816	11	1	1999	270	978	49	1	1	4	3
817	11	1	1999	200	1724	57	1	2	5	1
818	12	1	1999	194	1150	50	0	0	0	3
819	12	1	1999	137	252	30	1	1	0	1
820	12	1	1999	292	1164	54	2	1	4	2
821	12	1	1999	278	466	39	2	1	3	4
822	12	1	1999	278	2400	62	1	1	5	4
823	12	1	1999	85	1524	54	2	2	5	1
824	12	1	1999	200	1312	53	1	2	4	1
825	13	1	1999	137	916	47	2	1	3	1
826	13	1	1999	270	432	38	2	1	2	3
827	13	1	1999	110	1078	50	1	1	4	4
828	14	1	1999	85	2302	62	2	1	7	1
829	14	1	1999	99	958	47	1	1	3	3
830	14	1	1999	200	1484	53	2	2	5	1
831	14	1	1999	110	1264	52	2	2	4	4
832	15	1	1999	235	1094	50	2	1	4	4
833	15	1	1999	278	412	37	2	1	2	4
834	15	1	1999	270	1518	55	2	2	4	3
835	16	1	1999	235	946	47	2	1	3	4
836	16	1	1999	278	510	39	2	1	3	4
837	16	1	1999	200	2202	59	1	2	5	1
838	16	1	1999	110	2054	57	2	2	6	4
839	17	1	1999	137	624	40	1	1	3	1
840	17	1	1999	292	1826	62	1	1	5	2
841	17	1	1999	200	1892	59	2	2	5	1
842	17	1	1999	278	2072	58	2	2	5	4
843	18	1	1999	150	1954	60	2	1	5	2
844	18	1	1999	270	492	40	1	1	3	3
845	18	1	1999	235	708	43	1	1	3	4
846	19	1	1999	172	200	30	1	1	2	3
847	19	1	1999	200	1520	53	1	2	5	1
848	20	1	1999	200	842	46	1	1	3	1
849	20	1	1999	278	562	40	2	1	2	4
850	21	1	1999	256	1108	54	2	1	5	3
851	21	1	1999	278	198	29	1	1	2	4
852	21	1	1999	278	2034	58	2	2	4	4
853	22	1	1999	278	198	30	1	1	2	4
854	22	1	1999	200	1416	52	2	2	5	1
855	23	1	1999	235	1242	53	1	1	5	4
856	23	1	1999	235	1682	56	2	1	4	4
857	24	1	1999	235	932	49	0	0	0	4
858	25	1	1999	235	1126	49	0	0	0	4
859	25	1	1999	110	1238	49	2	2	4	4
860	26	1	1999	137	1582	56	2	1	5	1
861	27	1	1999	137	2566	68	1	1	4	1
862	28	1	1999	292	794	46	1	1	3	2
863	28	1	1999	235	1396	56	1	1	4	4
864	28	1	1999	235	1996	59	2	2	5	4
865	32	1	1999	270	1342	53	1	1	4	3
866	33	1	1999	278	382	37	1	1	2	4
867	35	1	1999	235	174	30	0	0	0	4
868	35	1	1999	235	1182	53	2	1	4	4
869	36	1	1999	292	680	45	1	1	3	2
870	38	1	1999	278	156	28	0	0	0	4
871	39	1	1999	235	714	44	0	0	0	4
872	41	1	1999	137	456	38	1	1	3	1
873	41	1	1999	200	2312	61	1	2	6	1
874	45	1	1999	278	154	27	0	0	0	4
875	50	1	1999	137	1284	51	2	1	5	1
876	51	1	1999	235	386	36	0	0	0	4
877	52	1	1999	200	1458	53	2	2	5	1
878	56	1	1999	235	664	43	0	0	0	4
879	65	1	1999	278	194	30	1	1	2	4
880	68	1	1999	235	320	34	0	0	0	4
881	73	1	1999	235	206	29	0	0	0	4
882	84	1	1999	150	1732	58	2	1	5	2
883	86	1	1999	278	178	28	2	1	2	4
884	126	1	1999	235	1248	52	1	1	4	4
885	160	1	1999	235	658	42	0	0	0	4
886	183	1	1999	235	236	30	0	0	0	4
887	NA	1	1999	194	3722	77	0	0	0	3
888	NA	1	1999	194	3594	70	0	0	0	3
889	NA	1	1999	194	1104	52	0	0	0	3
890	NA	1	1999	194	1368	54	0	0	0	3
891	NA	1	1999	194	1762	61	0	0	0	3
892	NA	1	1999	194	1240	52	0	0	0	3
893	NA	1	1999	194	668	42	0	0	0	3
894	NA	1	1999	194	2914	74	0	0	0	3
895	NA	1	1999	194	1756	55	0	0	0	3
896	NA	1	1999	194	1828	57	0	0	0	3
897	NA	1	1999	194	2720	66	0	0	0	3
898	NA	1	1999	194	1368	55	0	0	0	3
899	NA	1	1999	194	1834	60	0	0	0	3
900	NA	1	1999	194	420	36	0	0	0	3
901	NA	1	1999	194	2020	60	0	0	0	3
902	NA	1	1999	194	1886	61	0	0	0	3
903	NA	1	1999	194	3056	71	0	0	0	3
904	NA	1	1999	100	1744	61	2	1	6	2
905	NA	1	1999	100	1562	55	2	1	4	2
906	NA	1	1999	100	3002	68	1	1	5	2
907	NA	1	1999	100	1412	54	2	1	4	2
908	NA	1	1999	278	1320	50	1	1	4	4
909	NA	1	1999	278	332	36	1	1	2	4
910	NA	1	1999	278	1190	54	2	1	4	4
911	NA	1	1999	278	854	45	2	1	3	4
912	NA	1	1999	278	1140	50	2	1	4	4
913	NA	1	1999	278	984	49	2	1	4	4
914	NA	1	1999	278	652	42	1	1	4	4
915	NA	1	1999	278	580	42	2	1	3	4
916	NA	1	1999	278	476	39	1	1	3	4
917	NA	1	1999	278	360	35	2	1	2	4
918	NA	1	1999	110	1654	60	2	1	5	4
919	NA	1	1999	110	1786	61	1	1	5	4
920	NA	1	1999	110	912	48	1	1	3	4
921	NA	1	1999	110	2430	67	1	1	6	4
922	NA	1	1999	110	252	31	2	1	2	4
923	NA	1	1999	110	176	29	2	1	2	4
924	NA	1	1999	110	2136	62	1	1	5	4
925	NA	1	1999	110	916	49	2	1	3	4
926	NA	1	1999	110	526	39	2	1	3	4
927	NA	1	1999	110	354	36	2	1	3	4
928	NA	1	1999	110	418	36	1	1	3	4
929	NA	1	1999	110	356	35	1	1	3	4
930	NA	1	1999	110	670	42	2	1	3	4
931	NA	1	1999	110	816	45	2	1	3	4
932	NA	1	1999	110	324	35	1	1	2	4
933	NA	1	1999	110	234	32	2	1	2	4
934	NA	1	1999	110	206	31	2	1	2	4
935	NA	1	1999	278	2556	63	2	2	5	4
936	NA	1	1999	278	3172	68	1	2	6	4
937	NA	1	1999	278	2426	65	2	2	5	4
938	NA	1	1999	110	1380	52	1	2	5	4
939	NA	1	1999	110	1692	56	1	2	5	4
940	NA	1	1999	110	2160	60	1	2	5	4
941	NA	1	1999	110	1236	50	2	2	5	4
942	NA	1	1999	110	1608	53	2	2	5	4
943	NA	1	1999	110	1972	57	1	2	5	4
944	1	1	2000	121	950	49	1	1	3	1
945	1	1	2000	121	1672	62	1	1	5	1
946	1	1	2000	121	1280	51	1	1	3	1
947	1	1	2000	121	1278	52	1	1	4	1
948	1	1	2000	121	3836	78	1	1	6	1
949	1	1	2000	121	1072	51	1	1	6	1
950	1	1	2000	293	1908	62	1	1	5	2
951	1	1	2000	293	1034	51	2	1	3	2
952	1	1	2000	237	1548	59	2	1	6	2
953	1	1	2000	237	420	36	1	1	5	2
954	1	1	2000	285	1680	58	2	1	6	3
955	1	1	2000	285	1826	59	1	1	6	3
956	1	1	2000	285	2020	62	1	1	6	3
957	1	1	2000	285	1418	53	2	1	4	3
958	1	1	2000	285	1954	60	1	1	5	3
959	1	1	2000	285	1344	53	1	1	4	3
960	1	1	2000	285	954	49	2	1	3	3
961	1	1	2000	270	432	36	1	1	2	4
962	1	1	2000	260	1396	56	1	1	5	4
963	1	1	2000	121	2094	61	1	2	6	1
964	1	1	2000	121	3388	76	2	2	8	1
965	1	1	2000	102	2414	63	2	2	8	2
966	1	1	2000	293	4240	82	2	2	9	2
967	1	1	2000	237	3594	71	2	2	8	2
968	1	1	2000	285	2296	60	2	2	5	3
969	1	1	2000	285	2390	64	2	2	6	3
970	1	1	2000	285	2724	64	1	3	6	3
971	2	1	2000	121	1506	56	2	1	4	1
972	2	1	2000	121	6020	89	2	1	8	1
973	2	1	2000	102	940	45	2	1	3	2
974	2	1	2000	102	3892	69	2	1	7	2
975	2	1	2000	102	542	40	1	1	4	2
976	2	1	2000	285	2150	64	2	1	6	3
977	2	1	2000	285	1348	54	1	1	5	3
978	2	1	2000	285	1170	52	2	1	4	3
979	2	1	2000	270	2908	69	2	1	5	4
980	2	1	2000	270	554	40	2	1	3	4
981	2	1	2000	146	764	42	1	1	3	3
982	2	1	2000	121	2404	61	1	2	6	1
983	2	1	2000	121	2576	67	2	2	6	1
984	2	1	2000	121	2676	65	1	4	5	1
985	2	1	2000	146	2182	60	1	4	6	3
986	2	1	2000	146	1984	59	1	4	7	3
987	3	1	2000	121	2710	69	1	1	5	1
988	3	1	2000	102	1258	53	2	1	4	2
989	3	1	2000	285	2148	62	2	1	5	3
990	3	1	2000	285	3364	72	2	1	5	3
991	3	1	2000	270	3200	69	2	1	5	4
992	3	1	2000	260	990	51	1	1	5	4
993	3	1	2000	146	3258	73	1	1	7	3
994	3	1	2000	121	4310	74	1	2	6	1
995	3	1	2000	121	6600	92	1	2	7	1
996	3	1	2000	270	2162	60	2	2	7	4
997	3	1	2000	121	2582	61	2	3	5	1
998	3	1	2000	121	2778	62	1	4	6	1
999	3	1	2000	270	3152	69	1	4	6	4
1000	3	1	2000	146	3200	66	2	4	7	3
1001	3	1	2000	146	2236	64	1	4	4	3
1002	4	1	2000	121	2234	63	1	1	5	1
1003	4	1	2000	102	932	48	2	1	4	2
1004	4	1	2000	237	1802	56	2	1	5	2
1005	4	1	2000	237	870	47	2	1	4	2
1006	4	1	2000	237	1660	55	1	1	4	2
1007	4	1	2000	270	1748	58	2	1	4	4
1008	4	1	2000	146	3372	72	2	1	5	3
1009	4	1	2000	121	2160	59	1	2	6	1
1010	4	1	2000	121	2736	62	1	2	5	1
1011	4	1	2000	121	1286	52	2	2	6	1
1012	4	1	2000	121	1652	55	1	4	6	1
1013	4	1	2000	121	2032	59	1	4	6	1
1014	4	1	2000	260	2804	68	1	4	5	4
1015	5	1	2000	121	600	41	1	1	2	1
1016	5	1	2000	285	3708	71	1	1	7	3
1017	5	1	2000	270	472	38	2	1	3	4
1018	5	1	2000	146	3622	78	2	1	8	3
1019	5	1	2000	146	856	45	1	1	4	3
1020	5	1	2000	121	2094	60	2	2	5	1
1021	5	1	2000	121	4824	79	1	4	7	1
1022	5	1	2000	260	3328	71	1	4	5	4
1023	5	1	2000	146	2146	60	1	4	7	3
1024	6	1	2000	102	902	45	2	1	3	2
1025	6	1	2000	285	1052	51	2	1	4	3
1026	6	1	2000	260	492	38	2	1	2	4
1027	7	1	2000	260	828	46	1	1	3	4
1028	7	1	2000	121	3012	66	2	2	6	1
1029	7	1	2000	146	3002	70	1	4	5	3
1030	8	1	2000	121	986	49	2	1	4	1
1031	8	1	2000	121	988	49	1	1	4	1
1032	8	1	2000	285	1952	60	1	1	5	3
1033	8	1	2000	260	1936	58	2	1	4	4
1034	8	1	2000	146	790	46	1	1	3	3
1035	8	1	2000	146	682	43	2	1	3	3
1036	8	1	2000	260	1712	55	2	2	4	4
1037	8	1	2000	121	2762	65	1	4	6	1
1038	9	1	2000	121	3040	70	1	1	6	1
1039	9	1	2000	237	2490	66	1	1	8	2
1040	9	1	2000	270	756	43	2	1	4	4
1041	10	1	2000	121	726	43	1	1	3	1
1042	10	1	2000	270	278	33	1	1	2	4
1043	11	1	2000	260	1262	53	1	1	4	4
1044	11	1	2000	260	442	35	2	1	3	4
1045	12	1	2000	285	506	38	2	1	3	3
1046	12	1	2000	285	686	44	2	1	3	3
1047	12	1	2000	270	190	28	2	1	2	4
1048	12	1	2000	260	444	35	1	1	3	4
1049	13	1	2000	146	186	29	2	1	3	3
1050	14	1	2000	260	2554	60	1	1	5	4
1051	14	1	2000	121	2426	63	1	2	6	1
1052	14	1	2000	121	2570	68	2	2	6	1
1053	15	1	2000	121	1926	58	1	2	6	1
1054	17	1	2000	260	2374	67	2	1	6	4
1055	19	1	2000	121	1946	58	2	2	5	1
1056	20	1	2000	121	1664	58	1	1	4	1
1057	20	1	2000	260	2188	61	2	2	7	4
1058	22	1	2000	270	1344	54	2	1	4	4
1059	26	1	2000	285	1106	53	2	1	6	3
1060	26	1	2000	270	1120	49	1	1	3	4
1061	27	1	2000	270	1672	53	2	2	5	4
1062	28	1	2000	260	2096	63	1	4	5	4
1063	30	1	2000	260	3008	67	1	1	5	4
1064	30	1	2000	260	418	38	2	1	4	4
1065	30	1	2000	146	974	47	1	1	4	3
1066	31	1	2000	146	700	43	2	1	3	3
1067	31	1	2000	260	5658	80	1	2	6	4
1068	35	1	2000	270	1304	51	2	1	4	4
1069	39	1	2000	285	1430	57	2	1	6	3
1070	40	1	2000	270	1432	53	1	1	5	4
1071	43	1	2000	270	292	34	2	1	2	4
1072	43	1	2000	146	6314	93	1	4	9	3
1073	44	1	2000	270	1548	55	1	1	5	4
1074	45	1	2000	285	1768	60	1	1	6	3
1075	45	1	2000	260	1138	51	1	1	4	4
1076	49	1	2000	270	1072	48	2	1	4	4
1077	52	1	2000	270	1096	49	2	1	5	4
1078	56	1	2000	146	198	29	2	1	2	3
1079	56	1	2000	121	1488	54	2	2	5	1
1080	58	1	2000	270	550	41	1	1	3	4
1081	67	1	2000	102	1250	54	2	1	6	2
1082	67	1	2000	260	2088	60	2	1	5	4
1083	71	1	2000	146	234	30	2	1	2	3
1084	81	1	2000	260	380	35	2	1	2	4
1085	186	1	2000	146	92	22	1	1	1	3
1086	210	1	2000	260	444	37	1	1	2	4
1087	223	1	2000	270	434	36	2	1	3	4
1088	1	1	2001	90	3754	72	1	1	5	1
1089	1	1	2001	199	2472	67	2	1	6	2
1090	1	1	2001	199	984	48	2	1	3	2
1091	1	1	2001	199	2410	62	1	1	6	2
1092	1	1	2001	199	3314	77	1	1	6	2
1093	1	1	2001	199	1448	56	2	1	5	2
1094	1	1	2001	199	3578	71	2	1	5	2
1095	1	1	2001	98	1860	57	1	1	3	3
1096	1	1	2001	220	3412	68	1	1	5	4
1097	1	1	2001	125	2348	68	1	1	5	4
1098	1	1	2001	125	3146	72	2	1	6	4
1099	1	1	2001	140	836	46	1	1	3	4
1100	1	1	2001	140	744	44	1	1	3	4
1101	1	1	2001	140	620	43	2	1	3	4
1102	1	1	2001	140	748	45	2	1	3	4
1103	1	1	2001	140	938	51	1	1	3	4
1104	1	1	2001	228	1558	58	1	1	5	4
1105	1	1	2001	228	910	49	2	1	3	4
1106	1	1	2001	228	600	40	1	1	3	4
1107	1	1	2001	228	1104	52	1	1	4	4
1108	1	1	2001	180	1940	59	1	1	5	3
1109	1	1	2001	193	1266	56	2	1	5	3
1110	1	1	2001	193	266	32	2	1	2	3
1111	1	1	2001	193	414	35	2	1	2	3
1112	1	1	2001	193	274	33	1	1	2	3
1113	1	1	2001	122	1238	54	1	1	5	3
1114	1	1	2001	122	1490	59	2	1	5	3
1115	1	1	2001	122	1478	55	1	1	4	3
1116	1	1	2001	122	2222	68	2	1	5	3
1117	1	1	2001	122	2138	65	2	1	6	3
1118	1	1	2001	122	1730	56	1	1	5	3
1119	1	1	2001	256	1772	61	2	1	5	3
1120	1	1	2001	276	1276	53	2	1	4	2
1121	1	1	2001	276	2592	68	1	1	6	2
1122	1	1	2001	256	2284	57	2	2	6	3
1123	1	1	2001	98	1936	58	2	4	5	3
1124	1	1	2001	125	6044	84	2	4	7	4
1125	1	1	2001	125	6172	84	2	4	7	4
1126	1	1	2001	140	5442	85	2	4	8	4
1127	1	1	2001	140	4098	79	1	4	6	4
1128	1	1	2001	140	3990	72	2	4	6	4
1129	1	1	2001	256	1988	59	1	4	5	3
1130	1	1	2001	276	5732	82	1	4	7	2
1131	2	1	2001	112	252	29	2	1	2	1
1132	2	1	2001	112	198	27	2	1	1	1
1133	2	1	2001	199	3660	72	1	1	6	2
1134	2	1	2001	199	1194	52	1	1	4	2
1135	2	1	2001	220	1246	53	1	1	3	4
1136	2	1	2001	125	1760	61	1	1	4	4
1137	2	1	2001	228	570	42	1	1	3	4
1138	2	1	2001	228	970	49	1	1	3	4
1139	2	1	2001	193	1350	54	1	1	4	3
1140	2	1	2001	122	2114	63	1	1	5	3
1141	2	1	2001	122	1520	56	2	1	5	3
1142	2	1	2001	256	1602	56	1	1	4	3
1143	2	1	2001	256	1812	56	1	1	6	3
1144	2	1	2001	260	968	49	1	1	3	2
1145	2	1	2001	110	560	41	1	1	2	2
1146	2	1	2001	110	1074	57	2	1	4	2
1147	2	1	2001	140	2164	59	2	2	5	4
1148	2	1	2001	125	4076	76	2	4	6	4
1149	2	1	2001	140	NA	NA	1	4	9	4
1150	2	1	2001	122	2192	60	2	4	7	3
1151	2	1	2001	256	2808	65	1	4	6	3
1152	2	1	2001	276	7888	94	2	4	9	2
1153	3	1	2001	112	398	34	2	1	2	1
1154	3	1	2001	140	748	44	1	1	3	4
1155	3	1	2001	140	302	34	2	1	2	4
1156	3	1	2001	140	366	34	1	1	2	4
1157	3	1	2001	228	768	45	2	1	4	4
1158	3	1	2001	228	1636	58	1	1	5	4
1159	3	1	2001	228	596	41	2	1	3	4
1160	3	1	2001	180	778	44	1	1	3	3
1161	3	1	2001	193	1334	52	2	1	4	3
1162	3	1	2001	283	66	19	2	1	1	2
1163	3	1	2001	110	1738	65	2	1	4	2
1164	3	1	2001	112	4432	80	1	4	7	1
1165	3	1	2001	140	2154	63	1	4	5	4
1166	3	1	2001	140	1994	61	2	4	5	4
1167	3	1	2001	228	4938	81	2	4	7	4
1168	3	1	2001	256	3412	74	1	4	5	3
1169	4	1	2001	220	1094	52	1	1	4	4
1170	4	1	2001	220	1042	50	2	1	5	4
1171	4	1	2001	220	1588	58	1	1	4	4
1172	4	1	2001	140	444	38	1	1	2	4
1173	4	1	2001	140	760	44	1	1	4	4
1174	4	1	2001	228	546	39	2	1	3	4
1175	4	1	2001	180	886	50	2	1	5	3
1176	4	1	2001	122	1060	49	1	1	4	3
1177	4	1	2001	260	1476	55	2	1	4	2
1178	4	1	2001	228	1820	56	2	2	5	4
1179	4	1	2001	110	4494	78	2	2	6	2
1180	4	1	2001	140	6478	92	1	4	9	4
1181	4	1	2001	180	3074	64	2	4	7	3
1182	4	1	2001	122	2286	63	1	4	7	3
1183	5	1	2001	220	2556	60	1	1	5	4
1184	5	1	2001	140	480	39	1	1	3	4
1185	5	1	2001	228	3620	74	1	1	5	4
1186	5	1	2001	228	1718	59	2	1	6	4
1187	5	1	2001	122	636	44	2	1	3	3
1188	5	1	2001	256	1938	64	2	1	6	3
1189	5	1	2001	283	2650	65	1	1	5	2
1190	5	1	2001	140	2306	60	2	2	7	4
1191	5	1	2001	283	3244	71	2	2	6	2
1192	5	1	2001	140	2604	63	1	4	8	4
1193	6	1	2001	125	2056	63	1	1	4	4
1194	6	1	2001	228	556	41	2	1	3	4
1195	6	1	2001	122	1392	53	1	1	4	3
1196	6	1	2001	276	1252	51	1	1	3	2
1197	6	1	2001	276	366	36	2	1	3	2
1198	6	1	2001	260	1594	53	2	2	4	2
1199	6	1	2001	112	4286	78	2	4	6	1
1200	6	1	2001	199	3716	78	2	4	7	2
1201	7	1	2001	140	1014	47	1	1	4	4
1202	7	1	2001	228	388	37	1	1	3	4
1203	7	1	2001	276	2708	65	1	1	6	2
1204	8	1	2001	199	2640	67	1	1	6	2
1205	8	1	2001	228	416	38	1	1	4	4
1206	8	1	2001	122	2754	70	1	1	6	3
1207	8	1	2001	256	1360	54	1	1	4	3
1208	8	1	2001	256	746	42	2	1	3	3
1209	8	1	2001	110	786	45	1	1	3	2
1210	8	1	2001	140	3398	67	1	2	7	4
1211	8	1	2001	140	2952	67	2	2	6	4
1212	9	1	2001	228	1688	62	2	1	5	4
1213	9	1	2001	193	386	37	1	1	3	3
1214	9	1	2001	283	2916	67	2	4	7	2
1215	10	1	2001	140	504	39	2	1	2	4
1216	10	1	2001	228	698	43	2	1	3	4
1217	10	1	2001	228	2310	59	2	1	4	4
1218	10	1	2001	228	798	46	2	1	3	4
1219	10	1	2001	193	446	39	2	1	3	3
1220	11	1	2001	256	902	49	2	1	4	3
1221	13	1	2001	125	1828	64	2	1	6	4
1222	13	1	2001	140	718	43	1	1	3	4
1223	13	1	2001	228	382	37	2	1	3	4
1224	14	1	2001	112	560	39	1	1	2	1
1225	14	1	2001	256	444	36	2	1	3	3
1226	14	1	2001	140	2602	65	1	4	7	4
1227	16	1	2001	260	3566	71	1	4	7	2
1228	17	1	2001	140	1542	55	2	1	4	4
1229	17	1	2001	122	146	26	2	1	2	3
1230	18	1	2001	228	692	42	2	1	3	4
1231	18	1	2001	260	652	43	1	1	3	2
1232	18	1	2001	256	2514	64	1	2	7	3
1233	19	1	2001	260	2246	67	1	1	5	2
1234	20	1	2001	228	244	31	1	1	2	4
1235	20	1	2001	140	5900	84	1	4	9	4
1236	30	1	2001	228	1004	48	2	1	3	4
1237	34	1	2001	140	1408	52	2	2	6	4
1238	36	1	2001	140	2052	60	2	2	6	4
1239	40	1	2001	256	1962	61	2	1	5	3
1240	42	1	2001	228	372	34	1	1	4	4
1241	45	1	2001	256	1472	53	2	4	5	3
1242	46	1	2001	220	660	43	1	1	3	4
1243	46	1	2001	122	256	32	2	1	2	3
1244	49	1	2001	140	1558	55	1	4	5	4
1245	50	1	2001	228	484	38	2	1	3	4
1246	55	1	2001	228	704	45	1	1	4	4
1247	75	1	2001	140	884	46	2	1	3	4
1248	84	1	2001	260	910	48	2	1	4	2
1249	89	1	2001	260	1414	56	1	1	6	2
1250	90	1	2001	228	224	31	1	1	2	4
1251	104	1	2001	140	690	43	2	1	3	4
1252	125	1	2001	140	754	44	2	1	3	4
1253	128	1	2001	140	1270	55	2	4	7	4
1254	257	1	2001	228	370	35	2	1	3	4
