SampleDepth	Sources	Station	Time	Latitude	Longitude	Xkm	Ykm	Month	Year	BottomDepth	Season	Discovery	RelativeDepth
517	28.73	1	3	50.1508	-14.4792	-34.106	16.779	4	2001	3939	1	252	3422
582	27.9	1	3	50.1508	-14.4792	-34.106	16.779	4	2001	3939	1	252	3357
547	23.44	1	3	50.1508	-14.4792	-34.106	16.779	4	2001	3939	1	252	3392
614	18.33	1	3	50.1508	-14.4792	-34.106	16.779	4	2001	3939	1	252	3325
1068	12.38	1	3	50.1508	-14.4792	-34.106	16.779	4	2001	3939	1	252	2871
1005	11.23	1	3	50.1508	-14.4792	-34.106	16.779	4	2001	3939	1	252	2934
1036	11.06	1	3	50.1508	-14.4792	-34.106	16.779	4	2001	3939	1	252	2903
1100	10.57	1	3	50.1508	-14.4792	-34.106	16.779	4	2001	3939	1	252	2839
1490	8.92	1	3	50.1508	-14.4792	-34.106	16.779	4	2001	3939	1	252	2449
1520	7.26	1	3	50.1508	-14.4792	-34.106	16.779	4	2001	3939	1	252	2419
1550	6.6	1	3	50.1508	-14.4792	-34.106	16.779	4	2001	3939	1	252	2389
1587	6.44	1	3	50.1508	-14.4792	-34.106	16.779	4	2001	3939	1	252	2352
1972	4.29	1	3	50.1508	-14.4792	-34.106	16.779	4	2001	3939	1	252	1967
2003	3.8	1	3	50.1508	-14.4792	-34.106	16.779	4	2001	3939	1	252	1936
2034	3.63	1	3	50.1508	-14.4792	-34.106	16.779	4	2001	3939	1	252	1905
2068	2.81	1	3	50.1508	-14.4792	-34.106	16.779	4	2001	3939	1	252	1871
2444	2.48	1	3	50.1508	-14.4792	-34.106	16.779	4	2001	3939	1	252	1495
2504	1.98	1	3	50.1508	-14.4792	-34.106	16.779	4	2001	3939	1	252	1435
2477	1.32	1	3	50.1508	-14.4792	-34.106	16.779	4	2001	3939	1	252	1462
2536	1.32	1	3	50.1508	-14.4792	-34.106	16.779	4	2001	3939	1	252	1403
3722	0.83	1	3	50.1508	-14.4792	-34.106	16.779	4	2001	3939	1	252	217
3446	0.66	1	3	50.1508	-14.4792	-34.106	16.779	4	2001	3939	1	252	493
3630	0.66	1	3	50.1508	-14.4792	-34.106	16.779	4	2001	3939	1	252	309
3660	0.66	1	3	50.1508	-14.4792	-34.106	16.779	4	2001	3939	1	252	279
3939	0.66	1	3	50.1508	-14.4792	-34.106	16.779	4	2001	3939	1	252	0
3414	0.5	1	3	50.1508	-14.4792	-34.106	16.779	4	2001	3939	1	252	525
3505	0.5	1	3	50.1508	-14.4792	-34.106	16.779	4	2001	3939	1	252	434
3534	0.5	1	3	50.1508	-14.4792	-34.106	16.779	4	2001	3939	1	252	405
3912	0.5	1	3	50.1508	-14.4792	-34.106	16.779	4	2001	3939	1	252	27
3568	0.33	1	3	50.1508	-14.4792	-34.106	16.779	4	2001	3939	1	252	371
3600	0.33	1	3	50.1508	-14.4792	-34.106	16.779	4	2001	3939	1	252	339
3697	0.33	1	3	50.1508	-14.4792	-34.106	16.779	4	2001	3939	1	252	242
3853	0.33	1	3	50.1508	-14.4792	-34.106	16.779	4	2001	3939	1	252	86
3880	0.33	1	3	50.1508	-14.4792	-34.106	16.779	4	2001	3939	1	252	59
3474	0.17	1	3	50.1508	-14.4792	-34.106	16.779	4	2001	3939	1	252	465
3789	0.17	1	3	50.1508	-14.4792	-34.106	16.779	4	2001	3939	1	252	150
3758	0	1	3	50.1508	-14.4792	-34.106	16.779	4	2001	3939	1	252	181
3818	0	1	3	50.1508	-14.4792	-34.106	16.779	4	2001	3939	1	252	121
501	21.53	2	3	50.091	-14.4665	-33.294	10.112	4	2001	3981	1	252	3480
927	12.88	2	3	50.091	-14.4665	-33.294	10.112	4	2001	3981	1	252	3054
865	12.53	2	3	50.091	-14.4665	-33.294	10.112	4	2001	3981	1	252	3116
898	11.64	2	3	50.091	-14.4665	-33.294	10.112	4	2001	3981	1	252	3083
955	11.47	2	3	50.091	-14.4665	-33.294	10.112	4	2001	3981	1	252	3026
1319	10.23	2	3	50.091	-14.4665	-33.294	10.112	4	2001	3981	1	252	2662
1380	9.17	2	3	50.091	-14.4665	-33.294	10.112	4	2001	3981	1	252	2601
1412	8.82	2	3	50.091	-14.4665	-33.294	10.112	4	2001	3981	1	252	2569
1352	7.94	2	3	50.091	-14.4665	-33.294	10.112	4	2001	3981	1	252	2629
1799	6	2	3	50.091	-14.4665	-33.294	10.112	4	2001	3981	1	252	2182
1767	4.59	2	3	50.091	-14.4665	-33.294	10.112	4	2001	3981	1	252	2214
1828	3.88	2	3	50.091	-14.4665	-33.294	10.112	4	2001	3981	1	252	2153
2300	3.71	2	3	50.091	-14.4665	-33.294	10.112	4	2001	3981	1	252	1681
1857	3.18	2	3	50.091	-14.4665	-33.294	10.112	4	2001	3981	1	252	2124
2243	2.47	2	3	50.091	-14.4665	-33.294	10.112	4	2001	3981	1	252	1738
2212	2.29	2	3	50.091	-14.4665	-33.294	10.112	4	2001	3981	1	252	1769
2267	2.29	2	3	50.091	-14.4665	-33.294	10.112	4	2001	3981	1	252	1714
3333	1.41	2	3	50.091	-14.4665	-33.294	10.112	4	2001	3981	1	252	648
3277	1.06	2	3	50.091	-14.4665	-33.294	10.112	4	2001	3981	1	252	704
3394	1.06	2	3	50.091	-14.4665	-33.294	10.112	4	2001	3981	1	252	587
3362	0.88	2	3	50.091	-14.4665	-33.294	10.112	4	2001	3981	1	252	619
3164	0.71	2	3	50.091	-14.4665	-33.294	10.112	4	2001	3981	1	252	817
3187	0.71	2	3	50.091	-14.4665	-33.294	10.112	4	2001	3981	1	252	794
3249	0.71	2	3	50.091	-14.4665	-33.294	10.112	4	2001	3981	1	252	732
3541	0.71	2	3	50.091	-14.4665	-33.294	10.112	4	2001	3981	1	252	440
3423	0.53	2	3	50.091	-14.4665	-33.294	10.112	4	2001	3981	1	252	558
3623	0.53	2	3	50.091	-14.4665	-33.294	10.112	4	2001	3981	1	252	358
3857	0.53	2	3	50.091	-14.4665	-33.294	10.112	4	2001	3981	1	252	124
3888	0.53	2	3	50.091	-14.4665	-33.294	10.112	4	2001	3981	1	252	93
3448	0.35	2	3	50.091	-14.4665	-33.294	10.112	4	2001	3981	1	252	533
3480	0.35	2	3	50.091	-14.4665	-33.294	10.112	4	2001	3981	1	252	501
3509	0.35	2	3	50.091	-14.4665	-33.294	10.112	4	2001	3981	1	252	472
3658	0.35	2	3	50.091	-14.4665	-33.294	10.112	4	2001	3981	1	252	323
3716	0.35	2	3	50.091	-14.4665	-33.294	10.112	4	2001	3981	1	252	265
3743	0.35	2	3	50.091	-14.4665	-33.294	10.112	4	2001	3981	1	252	238
3771	0.35	2	3	50.091	-14.4665	-33.294	10.112	4	2001	3981	1	252	210
3916	0.35	2	3	50.091	-14.4665	-33.294	10.112	4	2001	3981	1	252	65
3219	0.18	2	3	50.091	-14.4665	-33.294	10.112	4	2001	3981	1	252	762
3303	0.18	2	3	50.091	-14.4665	-33.294	10.112	4	2001	3981	1	252	678
3565	0.18	2	3	50.091	-14.4665	-33.294	10.112	4	2001	3981	1	252	416
3686	0.18	2	3	50.091	-14.4665	-33.294	10.112	4	2001	3981	1	252	295
3798	0.18	2	3	50.091	-14.4665	-33.294	10.112	4	2001	3981	1	252	183
3832	0.18	2	3	50.091	-14.4665	-33.294	10.112	4	2001	3981	1	252	149
3595	0	2	3	50.091	-14.4665	-33.294	10.112	4	2001	3981	1	252	386
516	24.43	3	1	50.1337	-14.4992	-35.543	14.890	4	2001	3977	1	252	3461
550	22.41	3	1	50.1337	-14.4992	-35.543	14.890	4	2001	3977	1	252	3427
591	20.07	3	1	50.1337	-14.4992	-35.543	14.890	4	2001	3977	1	252	3386
1053	12.14	3	1	50.1337	-14.4992	-35.543	14.890	4	2001	3977	1	252	2924
1020	11.05	3	1	50.1337	-14.4992	-35.543	14.890	4	2001	3977	1	252	2957
1090	10.74	3	1	50.1337	-14.4992	-35.543	14.890	4	2001	3977	1	252	2887
1125	9.65	3	1	50.1337	-14.4992	-35.543	14.890	4	2001	3977	1	252	2852
1555	8.25	3	1	50.1337	-14.4992	-35.543	14.890	4	2001	3977	1	252	2422
1588	7	3	1	50.1337	-14.4992	-35.543	14.890	4	2001	3977	1	252	2389
1626	6.85	3	1	50.1337	-14.4992	-35.543	14.890	4	2001	3977	1	252	2351
1662	4.82	3	1	50.1337	-14.4992	-35.543	14.890	4	2001	3977	1	252	2315
2131	2.49	3	1	50.1337	-14.4992	-35.543	14.890	4	2001	3977	1	252	1846
2169	2.49	3	1	50.1337	-14.4992	-35.543	14.890	4	2001	3977	1	252	1808
2202	2.49	3	1	50.1337	-14.4992	-35.543	14.890	4	2001	3977	1	252	1775
2097	1.87	3	1	50.1337	-14.4992	-35.543	14.890	4	2001	3977	1	252	1880
2625	1.87	3	1	50.1337	-14.4992	-35.543	14.890	4	2001	3977	1	252	1352
2656	1.71	3	1	50.1337	-14.4992	-35.543	14.890	4	2001	3977	1	252	1321
2726	1.09	3	1	50.1337	-14.4992	-35.543	14.890	4	2001	3977	1	252	1251
3965	1.09	3	1	50.1337	-14.4992	-35.543	14.890	4	2001	3977	1	252	12
3750	0.62	3	1	50.1337	-14.4992	-35.543	14.890	4	2001	3977	1	252	227
3790	0.62	3	1	50.1337	-14.4992	-35.543	14.890	4	2001	3977	1	252	187
3927	0.62	3	1	50.1337	-14.4992	-35.543	14.890	4	2001	3977	1	252	50
2692	0.47	3	1	50.1337	-14.4992	-35.543	14.890	4	2001	3977	1	252	1285
3890	0.47	3	1	50.1337	-14.4992	-35.543	14.890	4	2001	3977	1	252	87
3856	0.31	3	1	50.1337	-14.4992	-35.543	14.890	4	2001	3977	1	252	121
3716	0.16	3	1	50.1337	-14.4992	-35.543	14.890	4	2001	3977	1	252	261
3824	0.16	3	1	50.1337	-14.4992	-35.543	14.890	4	2001	3977	1	252	153
559	27.56	4	1	49.8358	-11.4977	179.313	-18.224	4	2001	740	1	252	181
634	27.56	4	1	49.8358	-11.4977	179.313	-18.224	4	2001	740	1	252	106
522	26.45	4	1	49.8358	-11.4977	179.313	-18.224	4	2001	740	1	252	218
596	24.52	4	1	49.8358	-11.4977	179.313	-18.224	4	2001	740	1	252	144
670	17.73	4	1	49.8358	-11.4977	179.313	-18.224	4	2001	740	1	252	70
526	26.83	5	2	49.8842	-11.633	169.599	-13.067	4	2001	1035	1	252	509
561	25.66	5	2	49.8842	-11.633	169.599	-13.067	4	2001	1035	1	252	474
633	23.01715291	5	2	49.8842	-11.633	169.599	-13.067	4	2001	1035	1	252	402
596	20.67	5	2	49.8842	-11.633	169.599	-13.067	4	2001	1035	1	252	439
671	20.08503152	5	2	49.8842	-11.633	169.599	-13.067	4	2001	1035	1	252	364
708	19.64521331	5	2	49.8842	-11.633	169.599	-13.067	4	2001	1035	1	252	327
742	16.12666764	5	2	49.8842	-11.633	169.599	-13.067	4	2001	1035	1	252	293
773	14.36739481	5	2	49.8842	-11.633	169.599	-13.067	4	2001	1035	1	252	262
811	12.46151591	5	2	49.8842	-11.633	169.599	-13.067	4	2001	1035	1	252	224
845	12.31490984	5	2	49.8842	-11.633	169.599	-13.067	4	2001	1035	1	252	190
882	12.0216977	5	2	49.8842	-11.633	169.599	-13.067	4	2001	1035	1	252	153
919	11.87509163	5	2	49.8842	-11.633	169.599	-13.067	4	2001	1035	1	252	116
1305	33.91	6	2	49.2672	-13.4825	37.488	-81.453	8	2001	4020	2	255	2715
1355	33.59	6	2	49.2672	-13.4825	37.488	-81.453	8	2001	4020	2	255	2665
1257	32.3	6	2	49.2672	-13.4825	37.488	-81.453	8	2001	4020	2	255	2763
1208	29.71	6	2	49.2672	-13.4825	37.488	-81.453	8	2001	4020	2	255	2812
1750	20.02	6	2	49.2672	-13.4825	37.488	-81.453	8	2001	4020	2	255	2270
718	19.49	6	2	49.2672	-13.4825	37.488	-81.453	8	2001	4020	2	255	3302
818	18.41	6	2	49.2672	-13.4825	37.488	-81.453	8	2001	4020	2	255	3202
1796	16.79	6	2	49.2672	-13.4825	37.488	-81.453	8	2001	4020	2	255	2224
768	16.47	6	2	49.2672	-13.4825	37.488	-81.453	8	2001	4020	2	255	3252
668	16.26	6	2	49.2672	-13.4825	37.488	-81.453	8	2001	4020	2	255	3352
1847	12.92	6	2	49.2672	-13.4825	37.488	-81.453	8	2001	4020	2	255	2173
1899	9.15	6	2	49.2672	-13.4825	37.488	-81.453	8	2001	4020	2	255	2121
2386	2.15	6	2	49.2672	-13.4825	37.488	-81.453	8	2001	4020	2	255	1634
2289	1.94	6	2	49.2672	-13.4825	37.488	-81.453	8	2001	4020	2	255	1731
2335	1.83	6	2	49.2672	-13.4825	37.488	-81.453	8	2001	4020	2	255	1685
2435	1.61	6	2	49.2672	-13.4825	37.488	-81.453	8	2001	4020	2	255	1585
2828	1.4	6	2	49.2672	-13.4825	37.488	-81.453	8	2001	4020	2	255	1192
2875	0.75	6	2	49.2672	-13.4825	37.488	-81.453	8	2001	4020	2	255	1145
2975	0.75	6	2	49.2672	-13.4825	37.488	-81.453	8	2001	4020	2	255	1045
2927	0.65	6	2	49.2672	-13.4825	37.488	-81.453	8	2001	4020	2	255	1093
3415	0.43	6	2	49.2672	-13.4825	37.488	-81.453	8	2001	4020	2	255	605
3516	0.43	6	2	49.2672	-13.4825	37.488	-81.453	8	2001	4020	2	255	504
3367	0.32	6	2	49.2672	-13.4825	37.488	-81.453	8	2001	4020	2	255	653
3463	0.32	6	2	49.2672	-13.4825	37.488	-81.453	8	2001	4020	2	255	557
3897	0.22	6	2	49.2672	-13.4825	37.488	-81.453	8	2001	4020	2	255	123
3995	0.11	6	2	49.2672	-13.4825	37.488	-81.453	8	2001	4020	2	255	25
3946	0	6	2	49.2672	-13.4825	37.488	-81.453	8	2001	4020	2	255	74
1356.21	45.98	7	3	49.8517	-13.0368	68.996	-16.446	8	2001	2487	2	255	1130.79
1277.74	43.24	7	3	49.8517	-13.0368	68.996	-16.446	8	2001	2487	2	255	1209.26
1473.91	41.48	7	3	49.8517	-13.0368	68.996	-16.446	8	2001	2487	2	255	1013.09
1199.28	41.13	7	3	49.8517	-13.0368	68.996	-16.446	8	2001	2487	2	255	1287.72
1238.51	39.9	7	3	49.8517	-13.0368	68.996	-16.446	8	2001	2487	2	255	1248.49
1316.98	39.2	7	3	49.8517	-13.0368	68.996	-16.446	8	2001	2487	2	255	1170.02
1513.15	30.23	7	3	49.8517	-13.0368	68.996	-16.446	8	2001	2487	2	255	973.85
1591.62	30.23	7	3	49.8517	-13.0368	68.996	-16.446	8	2001	2487	2	255	895.38
1630.85	26.89	7	3	49.8517	-13.0368	68.996	-16.446	8	2001	2487	2	255	856.15
1081.57	25.95	7	3	49.8517	-13.0368	68.996	-16.446	8	2001	2487	2	255	1405.43
1552.38	24.78	7	3	49.8517	-13.0368	68.996	-16.446	8	2001	2487	2	255	934.62
650	24.26	7	3	49.8517	-13.0368	68.996	-16.446	8	2001	2487	2	255	1837
963.87	23.03	7	3	49.8517	-13.0368	68.996	-16.446	8	2001	2487	2	255	1523.13
689.23	22.68	7	3	49.8517	-13.0368	68.996	-16.446	8	2001	2487	2	255	1797.77
1003.11	22.5	7	3	49.8517	-13.0368	68.996	-16.446	8	2001	2487	2	255	1483.89
1042.34	21.8	7	3	49.8517	-13.0368	68.996	-16.446	8	2001	2487	2	255	1444.66
728.47	20.92	7	3	49.8517	-13.0368	68.996	-16.446	8	2001	2487	2	255	1758.53
924.64	18.98	7	3	49.8517	-13.0368	68.996	-16.446	8	2001	2487	2	255	1562.36
767.7	17.58	7	3	49.8517	-13.0368	68.996	-16.446	8	2001	2487	2	255	1719.3
806.94	17.09	7	3	49.8517	-13.0368	68.996	-16.446	8	2001	2487	2	255	1680.06
1748.55	16.35	7	3	49.8517	-13.0368	68.996	-16.446	8	2001	2487	2	255	738.45
1866.26	15.82	7	3	49.8517	-13.0368	68.996	-16.446	8	2001	2487	2	255	620.74
1905.49	14.55	7	3	49.8517	-13.0368	68.996	-16.446	8	2001	2487	2	255	581.51
2101.66	14.24	7	3	49.8517	-13.0368	68.996	-16.446	8	2001	2487	2	255	385.34
2023.19	13.89	7	3	49.8517	-13.0368	68.996	-16.446	8	2001	2487	2	255	463.81
2062.43	11.78	7	3	49.8517	-13.0368	68.996	-16.446	8	2001	2487	2	255	424.57
1787.79	11.25	7	3	49.8517	-13.0368	68.996	-16.446	8	2001	2487	2	255	699.21
1827.02	9.84	7	3	49.8517	-13.0368	68.996	-16.446	8	2001	2487	2	255	659.98
2140.89	6.15	7	3	49.8517	-13.0368	68.996	-16.446	8	2001	2487	2	255	346.11
2180.13	5.48	7	3	49.8517	-13.0368	68.996	-16.446	8	2001	2487	2	255	306.87
2337.06	4.39	7	3	49.8517	-13.0368	68.996	-16.446	8	2001	2487	2	255	149.94
2297.83	3.87	7	3	49.8517	-13.0368	68.996	-16.446	8	2001	2487	2	255	189.17
2376.3	3.34	7	3	49.8517	-13.0368	68.996	-16.446	8	2001	2487	2	255	110.7
2454.77	2.95	7	3	49.8517	-13.0368	68.996	-16.446	8	2001	2487	2	255	32.23
2415.53	1.76	7	3	49.8517	-13.0368	68.996	-16.446	8	2001	2487	2	255	71.47
1417	39.43	8	2	49.8515	-13.047	68.280	-16.446	8	2001	2497	2	255	1080.46
1167	37.91	8	2	49.8515	-13.047	68.280	-16.446	8	2001	2497	2	255	1329.82
1452	35.93	8	2	49.8515	-13.047	68.280	-16.446	8	2001	2497	2	255	1044.82
1276	35.78	8	2	49.8515	-13.047	68.280	-16.446	8	2001	2497	2	255	1221.47
1521	35.78	8	2	49.8515	-13.047	68.280	-16.446	8	2001	2497	2	255	975.55
1132	33.49	8	2	49.8515	-13.047	68.280	-16.446	8	2001	2497	2	255	1364.59
1203	32.28	8	2	49.8515	-13.047	68.280	-16.446	8	2001	2497	2	255	1293.98
1487	30.6	8	2	49.8515	-13.047	68.280	-16.446	8	2001	2497	2	255	1010.11
1658	30.14	8	2	49.8515	-13.047	68.280	-16.446	8	2001	2497	2	255	838.74
1239	29.99	8	2	49.8515	-13.047	68.280	-16.446	8	2001	2497	2	255	1257.68
1692	22.99	8	2	49.8515	-13.047	68.280	-16.446	8	2001	2497	2	255	805.34
682	20.25	8	2	49.8515	-13.047	68.280	-16.446	8	2001	2497	2	255	1815.03
922	20.1	8	2	49.8515	-13.047	68.280	-16.446	8	2001	2497	2	255	1574.92
1760	19.64	8	2	49.8515	-13.047	68.280	-16.446	8	2001	2497	2	255	737.2
1896	18.88	8	2	49.8515	-13.047	68.280	-16.446	8	2001	2497	2	255	600.97
957	18.73	8	2	49.8515	-13.047	68.280	-16.446	8	2001	2497	2	255	1539.85
715	18.57	8	2	49.8515	-13.047	68.280	-16.446	8	2001	2497	2	255	1781.86
1930	17.51	8	2	49.8515	-13.047	68.280	-16.446	8	2001	2497	2	255	566.82
1726	17.2	8	2	49.8515	-13.047	68.280	-16.446	8	2001	2497	2	255	770.83
749	16.44	8	2	49.8515	-13.047	68.280	-16.446	8	2001	2497	2	255	1747.56
887	16.14	8	2	49.8515	-13.047	68.280	-16.446	8	2001	2497	2	255	1609.55
992	15.53	8	2	49.8515	-13.047	68.280	-16.446	8	2001	2497	2	255	1504.79
1965	14.62	8	2	49.8515	-13.047	68.280	-16.446	8	2001	2497	2	255	532.35
647	14.16	8	2	49.8515	-13.047	68.280	-16.446	8	2001	2497	2	255	1849.63
1998	11.57	8	2	49.8515	-13.047	68.280	-16.446	8	2001	2497	2	255	499.16
2133	8.07	8	2	49.8515	-13.047	68.280	-16.446	8	2001	2497	2	255	363.81
2166	7.31	8	2	49.8515	-13.047	68.280	-16.446	8	2001	2497	2	255	330.94
2200	5.48	8	2	49.8515	-13.047	68.280	-16.446	8	2001	2497	2	255	297.09
2234	4.26	8	2	49.8515	-13.047	68.280	-16.446	8	2001	2497	2	255	263
2438	2.89	8	2	49.8515	-13.047	68.280	-16.446	8	2001	2497	2	255	59.02
2267	2.59	8	2	49.8515	-13.047	68.280	-16.446	8	2001	2497	2	255	229.92
2505	1.37	8	2	49.8515	-13.047	68.280	-16.446	8	2001	2497	2	255	-7.85
2471	1.07	8	2	49.8515	-13.047	68.280	-16.446	8	2001	2497	2	255	26.02
2404	0.76	8	2	49.8515	-13.047	68.280	-16.446	8	2001	2497	2	255	93.26
1300	31.08	9	3	49.5022	-13.7062	21.216	-55.339	8	2001	4000	2	255	2700.13
1369	25.48	9	3	49.5022	-13.7062	21.216	-55.339	8	2001	4000	2	255	2630.79
1127	25.02	9	3	49.5022	-13.7062	21.216	-55.339	8	2001	4000	2	255	2873.35
1335	24.55	9	3	49.5022	-13.7062	21.216	-55.339	8	2001	4000	2	255	2665.3
1195	22.07	9	3	49.5022	-13.7062	21.216	-55.339	8	2001	4000	2	255	2804.59
1231	21.91	9	3	49.5022	-13.7062	21.216	-55.339	8	2001	4000	2	255	2769.45
1503	21.76	9	3	49.5022	-13.7062	21.216	-55.339	8	2001	4000	2	255	2497.26
1161	21.13	9	3	49.5022	-13.7062	21.216	-55.339	8	2001	4000	2	255	2838.65
1402	20.82	9	3	49.5022	-13.7062	21.216	-55.339	8	2001	4000	2	255	2597.57
1435	20.82	9	3	49.5022	-13.7062	21.216	-55.339	8	2001	4000	2	255	2564.77
1469	20.2	9	3	49.5022	-13.7062	21.216	-55.339	8	2001	4000	2	255	2530.98
1056	19.27	9	3	49.5022	-13.7062	21.216	-55.339	8	2001	4000	2	255	2944.15
1091	18.18	9	3	49.5022	-13.7062	21.216	-55.339	8	2001	4000	2	255	2908.59
1636	18.18	9	3	49.5022	-13.7062	21.216	-55.339	8	2001	4000	2	255	2363.97
1536	17.56	9	3	49.5022	-13.7062	21.216	-55.339	8	2001	4000	2	255	2464.24
1020	16.47	9	3	49.5022	-13.7062	21.216	-55.339	8	2001	4000	2	255	2979.63
1569	16.16	9	3	49.5022	-13.7062	21.216	-55.339	8	2001	4000	2	255	2430.69
985	15.38	9	3	49.5022	-13.7062	21.216	-55.339	8	2001	4000	2	255	3014.83
951	14.45	9	3	49.5022	-13.7062	21.216	-55.339	8	2001	4000	2	255	3049.44
1669	12.59	9	3	49.5022	-13.7062	21.216	-55.339	8	2001	4000	2	255	2330.99
1702	11.81	9	3	49.5022	-13.7062	21.216	-55.339	8	2001	4000	2	255	2297.86
1804	11.03	9	3	49.5022	-13.7062	21.216	-55.339	8	2001	4000	2	255	2195.55
1771	10.88	9	3	49.5022	-13.7062	21.216	-55.339	8	2001	4000	2	255	2229.46
1737	9.32	9	3	49.5022	-13.7062	21.216	-55.339	8	2001	4000	2	255	2263.29
1872	8.24	9	3	49.5022	-13.7062	21.216	-55.339	8	2001	4000	2	255	2128.1
1974	7.15	9	3	49.5022	-13.7062	21.216	-55.339	8	2001	4000	2	255	2026.16
1838	6.06	9	3	49.5022	-13.7062	21.216	-55.339	8	2001	4000	2	255	2161.57
1905	5.9	9	3	49.5022	-13.7062	21.216	-55.339	8	2001	4000	2	255	2094.65
2041	5.59	9	3	49.5022	-13.7062	21.216	-55.339	8	2001	4000	2	255	1958.7
2007	4.66	9	3	49.5022	-13.7062	21.216	-55.339	8	2001	4000	2	255	1992.73
2140	4.66	9	3	49.5022	-13.7062	21.216	-55.339	8	2001	4000	2	255	1859.87
2074	4.2	9	3	49.5022	-13.7062	21.216	-55.339	8	2001	4000	2	255	1925.83
2107	4.2	9	3	49.5022	-13.7062	21.216	-55.339	8	2001	4000	2	255	1892.68
2207	3.57	9	3	49.5022	-13.7062	21.216	-55.339	8	2001	4000	2	255	1792.94
2240	3.57	9	3	49.5022	-13.7062	21.216	-55.339	8	2001	4000	2	255	1760.18
2173	3.42	9	3	49.5022	-13.7062	21.216	-55.339	8	2001	4000	2	255	1826.53
2308	3.42	9	3	49.5022	-13.7062	21.216	-55.339	8	2001	4000	2	255	1692.02
2443	2.18	9	3	49.5022	-13.7062	21.216	-55.339	8	2001	4000	2	255	1556.5
2409	2.02	9	3	49.5022	-13.7062	21.216	-55.339	8	2001	4000	2	255	1590.71
2375	1.86	9	3	49.5022	-13.7062	21.216	-55.339	8	2001	4000	2	255	1624.76
2476	1.86	9	3	49.5022	-13.7062	21.216	-55.339	8	2001	4000	2	255	1523.6
2510	1.71	9	3	49.5022	-13.7062	21.216	-55.339	8	2001	4000	2	255	1490.22
2341	1.55	9	3	49.5022	-13.7062	21.216	-55.339	8	2001	4000	2	255	1658.63
2577	1.4	9	3	49.5022	-13.7062	21.216	-55.339	8	2001	4000	2	255	1423.31
2644	1.4	9	3	49.5022	-13.7062	21.216	-55.339	8	2001	4000	2	255	1355.72
2543	1.24	9	3	49.5022	-13.7062	21.216	-55.339	8	2001	4000	2	255	1456.76
2747	0.93	9	3	49.5022	-13.7062	21.216	-55.339	8	2001	4000	2	255	1252.83
2781	0.93	9	3	49.5022	-13.7062	21.216	-55.339	8	2001	4000	2	255	1218.64
2815	0.93	9	3	49.5022	-13.7062	21.216	-55.339	8	2001	4000	2	255	1185.43
2849	0.93	9	3	49.5022	-13.7062	21.216	-55.339	8	2001	4000	2	255	1151.22
2678	0.78	9	3	49.5022	-13.7062	21.216	-55.339	8	2001	4000	2	255	1321.66
2713	0.78	9	3	49.5022	-13.7062	21.216	-55.339	8	2001	4000	2	255	1287.47
2916	0.47	9	3	49.5022	-13.7062	21.216	-55.339	8	2001	4000	2	255	1084.17
2882	0.16	9	3	49.5022	-13.7062	21.216	-55.339	8	2001	4000	2	255	1118.04
2628	2.32	10	3	48.5665	-15.0018	-73.681	-159.238	8	2001	4784	2	255	2156.17
2661	2.01	10	3	48.5665	-15.0018	-73.681	-159.238	8	2001	4784	2	255	2122.82
2594	1.7	10	3	48.5665	-15.0018	-73.681	-159.238	8	2001	4784	2	255	2189.69
2996	1.7	10	3	48.5665	-15.0018	-73.681	-159.238	8	2001	4784	2	255	1787.97
3129	1.39	10	3	48.5665	-15.0018	-73.681	-159.238	8	2001	4784	2	255	1655.04
2695	1.23	10	3	48.5665	-15.0018	-73.681	-159.238	8	2001	4784	2	255	2089.16
2896	1.23	10	3	48.5665	-15.0018	-73.681	-159.238	8	2001	4784	2	255	1887.96
3096	1.23	10	3	48.5665	-15.0018	-73.681	-159.238	8	2001	4784	2	255	1688.28
3431	1.08	10	3	48.5665	-15.0018	-73.681	-159.238	8	2001	4784	2	255	1353.34
3464	1.08	10	3	48.5665	-15.0018	-73.681	-159.238	8	2001	4784	2	255	1319.56
2795	0.93	10	3	48.5665	-15.0018	-73.681	-159.238	8	2001	4784	2	255	1988.89
3062	0.93	10	3	48.5665	-15.0018	-73.681	-159.238	8	2001	4784	2	255	1721.57
3163	0.93	10	3	48.5665	-15.0018	-73.681	-159.238	8	2001	4784	2	255	1621.27
3196	0.93	10	3	48.5665	-15.0018	-73.681	-159.238	8	2001	4784	2	255	1588
3229	0.93	10	3	48.5665	-15.0018	-73.681	-159.238	8	2001	4784	2	255	1554.75
3296	0.93	10	3	48.5665	-15.0018	-73.681	-159.238	8	2001	4784	2	255	1487.77
3733	0.93	10	3	48.5665	-15.0018	-73.681	-159.238	8	2001	4784	2	255	1051.03
4204	0.93	10	3	48.5665	-15.0018	-73.681	-159.238	8	2001	4784	2	255	580.28
2729	0.77	10	3	48.5665	-15.0018	-73.681	-159.238	8	2001	4784	2	255	2055.45
3029	0.77	10	3	48.5665	-15.0018	-73.681	-159.238	8	2001	4784	2	255	1754.61
3531	0.77	10	3	48.5665	-15.0018	-73.681	-159.238	8	2001	4784	2	255	1252.64
2829	0.62	10	3	48.5665	-15.0018	-73.681	-159.238	8	2001	4784	2	255	1955.16
2863	0.62	10	3	48.5665	-15.0018	-73.681	-159.238	8	2001	4784	2	255	1921.31
2963	0.62	10	3	48.5665	-15.0018	-73.681	-159.238	8	2001	4784	2	255	1821.07
3498	0.62	10	3	48.5665	-15.0018	-73.681	-159.238	8	2001	4784	2	255	1286.09
3633	0.62	10	3	48.5665	-15.0018	-73.681	-159.238	8	2001	4784	2	255	1151.4
3666	0.62	10	3	48.5665	-15.0018	-73.681	-159.238	8	2001	4784	2	255	1118.37
3397	0.46	10	3	48.5665	-15.0018	-73.681	-159.238	8	2001	4784	2	255	1386.93
3565	0.46	10	3	48.5665	-15.0018	-73.681	-159.238	8	2001	4784	2	255	1218.81
3766	0.46	10	3	48.5665	-15.0018	-73.681	-159.238	8	2001	4784	2	255	1017.53
3834	0.46	10	3	48.5665	-15.0018	-73.681	-159.238	8	2001	4784	2	255	950.38
3901	0.46	10	3	48.5665	-15.0018	-73.681	-159.238	8	2001	4784	2	255	883.08
4002	0.46	10	3	48.5665	-15.0018	-73.681	-159.238	8	2001	4784	2	255	782.23
4103	0.46	10	3	48.5665	-15.0018	-73.681	-159.238	8	2001	4784	2	255	681.23
4306	0.46	10	3	48.5665	-15.0018	-73.681	-159.238	8	2001	4784	2	255	478.12
2762	0.31	10	3	48.5665	-15.0018	-73.681	-159.238	8	2001	4784	2	255	2022.07
3363	0.31	10	3	48.5665	-15.0018	-73.681	-159.238	8	2001	4784	2	255	1420.62
3699	0.31	10	3	48.5665	-15.0018	-73.681	-159.238	8	2001	4784	2	255	1084.65
3867	0.31	10	3	48.5665	-15.0018	-73.681	-159.238	8	2001	4784	2	255	916.99
3968	0.31	10	3	48.5665	-15.0018	-73.681	-159.238	8	2001	4784	2	255	815.58
4136	0.31	10	3	48.5665	-15.0018	-73.681	-159.238	8	2001	4784	2	255	647.52
4238	0.31	10	3	48.5665	-15.0018	-73.681	-159.238	8	2001	4784	2	255	546.34
3330	0.15	10	3	48.5665	-15.0018	-73.681	-159.238	8	2001	4784	2	255	1454.1
4036	0.15	10	3	48.5665	-15.0018	-73.681	-159.238	8	2001	4784	2	255	748.32
4170	0.15	10	3	48.5665	-15.0018	-73.681	-159.238	8	2001	4784	2	255	613.79
4441	0.15	10	3	48.5665	-15.0018	-73.681	-159.238	8	2001	4784	2	255	342.58
4475	0.15	10	3	48.5665	-15.0018	-73.681	-159.238	8	2001	4784	2	255	308.68
3800	0	10	3	48.5665	-15.0018	-73.681	-159.238	8	2001	4784	2	255	983.91
4069	0	10	3	48.5665	-15.0018	-73.681	-159.238	8	2001	4784	2	255	714.77
4340	0	10	3	48.5665	-15.0018	-73.681	-159.238	8	2001	4784	2	255	444.2
4374	0	10	3	48.5665	-15.0018	-73.681	-159.238	8	2001	4784	2	255	410.31
4408	0	10	3	48.5665	-15.0018	-73.681	-159.238	8	2001	4784	2	255	376.5
4509	0	10	3	48.5665	-15.0018	-73.681	-159.238	8	2001	4784	2	255	274.9
4543	0	10	3	48.5665	-15.0018	-73.681	-159.238	8	2001	4784	2	255	240.87
4577	0	10	3	48.5665	-15.0018	-73.681	-159.238	8	2001	4784	2	255	206.65
1575	42.53	11	2	50.0005	-13.3845	43.927	0.111	8	2001	2809	2	255	1233.76
1605	37.5	11	2	50.0005	-13.3845	43.927	0.111	8	2001	2809	2	255	1203.72
1419	30.03	11	2	50.0005	-13.3845	43.927	0.111	8	2001	2809	2	255	1389.69
1451	29.22	11	2	50.0005	-13.3845	43.927	0.111	8	2001	2809	2	255	1358.21
1483	28.57	11	2	50.0005	-13.3845	43.927	0.111	8	2001	2809	2	255	1326.49
1636	26.46	11	2	50.0005	-13.3845	43.927	0.111	8	2001	2809	2	255	1173.11
1514	25.33	11	2	50.0005	-13.3845	43.927	0.111	8	2001	2809	2	255	1295.09
1322	25.16	11	2	50.0005	-13.3845	43.927	0.111	8	2001	2809	2	255	1487.16
1696	24.35	11	2	50.0005	-13.3845	43.927	0.111	8	2001	2809	2	255	1112.73
1387	23.86	11	2	50.0005	-13.3845	43.927	0.111	8	2001	2809	2	255	1422.1
1727	23.22	11	2	50.0005	-13.3845	43.927	0.111	8	2001	2809	2	255	1081.82
1758	21.92	11	2	50.0005	-13.3845	43.927	0.111	8	2001	2809	2	255	1050.7
1790	21.59	11	2	50.0005	-13.3845	43.927	0.111	8	2001	2809	2	255	1019.23
1354	20.46	11	2	50.0005	-13.3845	43.927	0.111	8	2001	2809	2	255	1454.97
1289	20.29	11	2	50.0005	-13.3845	43.927	0.111	8	2001	2809	2	255	1519.77
1666	20.13	11	2	50.0005	-13.3845	43.927	0.111	8	2001	2809	2	255	1142.66
1821	19.48	11	2	50.0005	-13.3845	43.927	0.111	8	2001	2809	2	255	988.12
1884	18.67	11	2	50.0005	-13.3845	43.927	0.111	8	2001	2809	2	255	925.04
1257	18.34	11	2	50.0005	-13.3845	43.927	0.111	8	2001	2809	2	255	1552.14
1192	18.18	11	2	50.0005	-13.3845	43.927	0.111	8	2001	2809	2	255	1616.82
1916	16.88	11	2	50.0005	-13.3845	43.927	0.111	8	2001	2809	2	255	893.39
1095	15.58	11	2	50.0005	-13.3845	43.927	0.111	8	2001	2809	2	255	1714.24
1030	15.26	11	2	50.0005	-13.3845	43.927	0.111	8	2001	2809	2	255	1779.07
930	15.1	11	2	50.0005	-13.3845	43.927	0.111	8	2001	2809	2	255	1878.99
1128	15.1	11	2	50.0005	-13.3845	43.927	0.111	8	2001	2809	2	255	1681.5
1160	14.45	11	2	50.0005	-13.3845	43.927	0.111	8	2001	2809	2	255	1649.32
1062	13.96	11	2	50.0005	-13.3845	43.927	0.111	8	2001	2809	2	255	1746.58
2333	13.64	11	2	50.0005	-13.3845	43.927	0.111	8	2001	2809	2	255	476.36
997	12.99	11	2	50.0005	-13.3845	43.927	0.111	8	2001	2809	2	255	1812.44
1947	12.34	11	2	50.0005	-13.3845	43.927	0.111	8	2001	2809	2	255	862.21
2010	11.04	11	2	50.0005	-13.3845	43.927	0.111	8	2001	2809	2	255	798.74
2074	10.39	11	2	50.0005	-13.3845	43.927	0.111	8	2001	2809	2	255	734.64
1978	10.07	11	2	50.0005	-13.3845	43.927	0.111	8	2001	2809	2	255	830.75
2235	9.58	11	2	50.0005	-13.3845	43.927	0.111	8	2001	2809	2	255	573.74
963	9.42	11	2	50.0005	-13.3845	43.927	0.111	8	2001	2809	2	255	1845.66
2365	8.28	11	2	50.0005	-13.3845	43.927	0.111	8	2001	2809	2	255	443.69
2527	8.28	11	2	50.0005	-13.3845	43.927	0.111	8	2001	2809	2	255	282.41
2301	8.12	11	2	50.0005	-13.3845	43.927	0.111	8	2001	2809	2	255	508.42
2430	7.95	11	2	50.0005	-13.3845	43.927	0.111	8	2001	2809	2	255	378.95
2397	7.79	11	2	50.0005	-13.3845	43.927	0.111	8	2001	2809	2	255	411.63
2268	7.31	11	2	50.0005	-13.3845	43.927	0.111	8	2001	2809	2	255	540.9
2107	6.82	11	2	50.0005	-13.3845	43.927	0.111	8	2001	2809	2	255	702.27
2042	6.49	11	2	50.0005	-13.3845	43.927	0.111	8	2001	2809	2	255	767.12
2203	6.49	11	2	50.0005	-13.3845	43.927	0.111	8	2001	2809	2	255	606.34
2463	6.01	11	2	50.0005	-13.3845	43.927	0.111	8	2001	2809	2	255	346.24
2558	5.19	11	2	50.0005	-13.3845	43.927	0.111	8	2001	2809	2	255	250.9
2139	4.22	11	2	50.0005	-13.3845	43.927	0.111	8	2001	2809	2	255	669.95
2622	4.06	11	2	50.0005	-13.3845	43.927	0.111	8	2001	2809	2	255	187.46
2653	4.06	11	2	50.0005	-13.3845	43.927	0.111	8	2001	2809	2	255	155.92
2716	2.44	11	2	50.0005	-13.3845	43.927	0.111	8	2001	2809	2	255	92.61
2748	1.95	11	2	50.0005	-13.3845	43.927	0.111	8	2001	2809	2	255	61.15
2590	1.79	11	2	50.0005	-13.3845	43.927	0.111	8	2001	2809	2	255	218.78
2685	1.46	11	2	50.0005	-13.3845	43.927	0.111	8	2001	2809	2	255	124.39
692	13.59	12	1	49.751	-13.9447	3.949	-27.669	3	2002	4018	1	260	3326
836	12.58	12	1	49.751	-13.9447	3.949	-27.669	3	2002	4018	1	260	3182
801	10.84	12	1	49.751	-13.9447	3.949	-27.669	3	2002	4018	1	260	3217
765	10.56	12	1	49.751	-13.9447	3.949	-27.669	3	2002	4018	1	260	3253
728	9.98	12	1	49.751	-13.9447	3.949	-27.669	3	2002	4018	1	260	3290
1127	9.4	12	1	49.751	-13.9447	3.949	-27.669	3	2002	4018	1	260	2891
1091	9.11	12	1	49.751	-13.9447	3.949	-27.669	3	2002	4018	1	260	2927
1166	8.39	12	1	49.751	-13.9447	3.949	-27.669	3	2002	4018	1	260	2852
1201	6.07	12	1	49.751	-13.9447	3.949	-27.669	3	2002	4018	1	260	2817
1239	6.07	12	1	49.751	-13.9447	3.949	-27.669	3	2002	4018	1	260	2779
1495	5.49	12	1	49.751	-13.9447	3.949	-27.669	3	2002	4018	1	260	2523
1532	4.34	12	1	49.751	-13.9447	3.949	-27.669	3	2002	4018	1	260	2486
2307	3.76	12	1	49.751	-13.9447	3.949	-27.669	3	2002	4018	1	260	1711
1568	3.47	12	1	49.751	-13.9447	3.949	-27.669	3	2002	4018	1	260	2450
1604	3.04	12	1	49.751	-13.9447	3.949	-27.669	3	2002	4018	1	260	2414
1865	2.75	12	1	49.751	-13.9447	3.949	-27.669	3	2002	4018	1	260	2153
2419	2.75	12	1	49.751	-13.9447	3.949	-27.669	3	2002	4018	1	260	1599
2382	2.6	12	1	49.751	-13.9447	3.949	-27.669	3	2002	4018	1	260	1636
2051	2.17	12	1	49.751	-13.9447	3.949	-27.669	3	2002	4018	1	260	1967
2346	2.17	12	1	49.751	-13.9447	3.949	-27.669	3	2002	4018	1	260	1672
1902	2.02	12	1	49.751	-13.9447	3.949	-27.669	3	2002	4018	1	260	2116
1939	2.02	12	1	49.751	-13.9447	3.949	-27.669	3	2002	4018	1	260	2079
2455	2.02	12	1	49.751	-13.9447	3.949	-27.669	3	2002	4018	1	260	1563
2861	1.88	12	1	49.751	-13.9447	3.949	-27.669	3	2002	4018	1	260	1157
2715	1.59	12	1	49.751	-13.9447	3.949	-27.669	3	2002	4018	1	260	1303
2789	1.59	12	1	49.751	-13.9447	3.949	-27.669	3	2002	4018	1	260	1229
2753	1.3	12	1	49.751	-13.9447	3.949	-27.669	3	2002	4018	1	260	1265
2825	1.3	12	1	49.751	-13.9447	3.949	-27.669	3	2002	4018	1	260	1193
3118	1.3	12	1	49.751	-13.9447	3.949	-27.669	3	2002	4018	1	260	900
1977	1.01	12	1	49.751	-13.9447	3.949	-27.669	3	2002	4018	1	260	2041
2013	1.01	12	1	49.751	-13.9447	3.949	-27.669	3	2002	4018	1	260	2005
3190	1.01	12	1	49.751	-13.9447	3.949	-27.669	3	2002	4018	1	260	828
3154	0.72	12	1	49.751	-13.9447	3.949	-27.669	3	2002	4018	1	260	864
3521	0.58	12	1	49.751	-13.9447	3.949	-27.669	3	2002	4018	1	260	497
3225	0.43	12	1	49.751	-13.9447	3.949	-27.669	3	2002	4018	1	260	793
3265	0.43	12	1	49.751	-13.9447	3.949	-27.669	3	2002	4018	1	260	753
3558	0.43	12	1	49.751	-13.9447	3.949	-27.669	3	2002	4018	1	260	460
3596	0.43	12	1	49.751	-13.9447	3.949	-27.669	3	2002	4018	1	260	422
3629	0.43	12	1	49.751	-13.9447	3.949	-27.669	3	2002	4018	1	260	389
3668	0.29	12	1	49.751	-13.9447	3.949	-27.669	3	2002	4018	1	260	350
543	33.34	13	2	49.8567	-13.962	2.722	-15.890	3	2002	3901	1	260	3358
580	32.57	13	2	49.8567	-13.962	2.722	-15.890	3	2002	3901	1	260	3321
505	28.57	13	2	49.8567	-13.962	2.722	-15.890	3	2002	3901	1	260	3396
617	26.1	13	2	49.8567	-13.962	2.722	-15.890	3	2002	3901	1	260	3284
691	22.29	13	2	49.8567	-13.962	2.722	-15.890	3	2002	3901	1	260	3210
656	21.72	13	2	49.8567	-13.962	2.722	-15.890	3	2002	3901	1	260	3245
766	17.72	13	2	49.8567	-13.962	2.722	-15.890	3	2002	3901	1	260	3135
730	15.24	13	2	49.8567	-13.962	2.722	-15.890	3	2002	3901	1	260	3171
802	14.48	13	2	49.8567	-13.962	2.722	-15.890	3	2002	3901	1	260	3099
840	13.52	13	2	49.8567	-13.962	2.722	-15.890	3	2002	3901	1	260	3061
1023	10.1	13	2	49.8567	-13.962	2.722	-15.890	3	2002	3901	1	260	2878
913	9.72	13	2	49.8567	-13.962	2.722	-15.890	3	2002	3901	1	260	2988
1207	9.72	13	2	49.8567	-13.962	2.722	-15.890	3	2002	3901	1	260	2694
1096	9.33	13	2	49.8567	-13.962	2.722	-15.890	3	2002	3901	1	260	2805
1355	9.33	13	2	49.8567	-13.962	2.722	-15.890	3	2002	3901	1	260	2546
1170	9.14	13	2	49.8567	-13.962	2.722	-15.890	3	2002	3901	1	260	2731
1282	8.95	13	2	49.8567	-13.962	2.722	-15.890	3	2002	3901	1	260	2619
1060	8.76	13	2	49.8567	-13.962	2.722	-15.890	3	2002	3901	1	260	2841
1134	8.76	13	2	49.8567	-13.962	2.722	-15.890	3	2002	3901	1	260	2767
1242	8.76	13	2	49.8567	-13.962	2.722	-15.890	3	2002	3901	1	260	2659
877	7.43	13	2	49.8567	-13.962	2.722	-15.890	3	2002	3901	1	260	3024
1317	7.43	13	2	49.8567	-13.962	2.722	-15.890	3	2002	3901	1	260	2584
951	7.05	13	2	49.8567	-13.962	2.722	-15.890	3	2002	3901	1	260	2950
1392	7.05	13	2	49.8567	-13.962	2.722	-15.890	3	2002	3901	1	260	2509
1730	5.33	13	2	49.8567	-13.962	2.722	-15.890	3	2002	3901	1	260	2171
1431	4.95	13	2	49.8567	-13.962	2.722	-15.890	3	2002	3901	1	260	2470
2358	4.19	13	2	49.8567	-13.962	2.722	-15.890	3	2002	3901	1	260	1543
1879	4	13	2	49.8567	-13.962	2.722	-15.890	3	2002	3901	1	260	2022
1470	3.24	13	2	49.8567	-13.962	2.722	-15.890	3	2002	3901	1	260	2431
2066	3.24	13	2	49.8567	-13.962	2.722	-15.890	3	2002	3901	1	260	1835
2396	3.24	13	2	49.8567	-13.962	2.722	-15.890	3	2002	3901	1	260	1505
2320	3.05	13	2	49.8567	-13.962	2.722	-15.890	3	2002	3901	1	260	1581
1805	2.67	13	2	49.8567	-13.962	2.722	-15.890	3	2002	3901	1	260	2096
1953	2.67	13	2	49.8567	-13.962	2.722	-15.890	3	2002	3901	1	260	1948
2213	2.67	13	2	49.8567	-13.962	2.722	-15.890	3	2002	3901	1	260	1688
1768	2.48	13	2	49.8567	-13.962	2.722	-15.890	3	2002	3901	1	260	2133
2503	2.48	13	2	49.8567	-13.962	2.722	-15.890	3	2002	3901	1	260	1398
2538	2.48	13	2	49.8567	-13.962	2.722	-15.890	3	2002	3901	1	260	1363
2578	2.48	13	2	49.8567	-13.962	2.722	-15.890	3	2002	3901	1	260	1323
1844	2.29	13	2	49.8567	-13.962	2.722	-15.890	3	2002	3901	1	260	2057
2650	2.29	13	2	49.8567	-13.962	2.722	-15.890	3	2002	3901	1	260	1251
1991	2.1	13	2	49.8567	-13.962	2.722	-15.890	3	2002	3901	1	260	1910
2140	2.1	13	2	49.8567	-13.962	2.722	-15.890	3	2002	3901	1	260	1761
2175	2.1	13	2	49.8567	-13.962	2.722	-15.890	3	2002	3901	1	260	1726
2687	2.1	13	2	49.8567	-13.962	2.722	-15.890	3	2002	3901	1	260	1214
2468	1.9	13	2	49.8567	-13.962	2.722	-15.890	3	2002	3901	1	260	1433
1918	1.71	13	2	49.8567	-13.962	2.722	-15.890	3	2002	3901	1	260	1983
2029	1.71	13	2	49.8567	-13.962	2.722	-15.890	3	2002	3901	1	260	1872
2250	1.71	13	2	49.8567	-13.962	2.722	-15.890	3	2002	3901	1	260	1651
2722	1.71	13	2	49.8567	-13.962	2.722	-15.890	3	2002	3901	1	260	1179
2758	1.71	13	2	49.8567	-13.962	2.722	-15.890	3	2002	3901	1	260	1143
2431	1.52	13	2	49.8567	-13.962	2.722	-15.890	3	2002	3901	1	260	1470
2613	1.52	13	2	49.8567	-13.962	2.722	-15.890	3	2002	3901	1	260	1288
2102	1.33	13	2	49.8567	-13.962	2.722	-15.890	3	2002	3901	1	260	1799
2794	1.33	13	2	49.8567	-13.962	2.722	-15.890	3	2002	3901	1	260	1107
2833	1.33	13	2	49.8567	-13.962	2.722	-15.890	3	2002	3901	1	260	1068
634	27.8	14	2	49.555	-14.1833	-13.192	-49.449	3	2002	4271	1	260	3637
599	27.24	14	2	49.555	-14.1833	-13.192	-49.449	3	2002	4271	1	260	3672
709	21.46	14	2	49.555	-14.1833	-13.192	-49.449	3	2002	4271	1	260	3562
671	19.22	14	2	49.555	-14.1833	-13.192	-49.449	3	2002	4271	1	260	3600
781	17.54	14	2	49.555	-14.1833	-13.192	-49.449	3	2002	4271	1	260	3490
744	17.35	14	2	49.555	-14.1833	-13.192	-49.449	3	2002	4271	1	260	3527
890	16.23	14	2	49.555	-14.1833	-13.192	-49.449	3	2002	4271	1	260	3381
854	15.49	14	2	49.555	-14.1833	-13.192	-49.449	3	2002	4271	1	260	3417
1183	13.62	14	2	49.555	-14.1833	-13.192	-49.449	3	2002	4271	1	260	3088
1073	12.87	14	2	49.555	-14.1833	-13.192	-49.449	3	2002	4271	1	260	3198
927	11.75	14	2	49.555	-14.1833	-13.192	-49.449	3	2002	4271	1	260	3344
818	11.2	14	2	49.555	-14.1833	-13.192	-49.449	3	2002	4271	1	260	3453
1110	10.82	14	2	49.555	-14.1833	-13.192	-49.449	3	2002	4271	1	260	3161
1219	10.64	14	2	49.555	-14.1833	-13.192	-49.449	3	2002	4271	1	260	3052
999	10.45	14	2	49.555	-14.1833	-13.192	-49.449	3	2002	4271	1	260	3272
1292	10.26	14	2	49.555	-14.1833	-13.192	-49.449	3	2002	4271	1	260	2979
963	9.7	14	2	49.555	-14.1833	-13.192	-49.449	3	2002	4271	1	260	3308
1330	9.7	14	2	49.555	-14.1833	-13.192	-49.449	3	2002	4271	1	260	2941
1035	9.52	14	2	49.555	-14.1833	-13.192	-49.449	3	2002	4271	1	260	3236
1259	8.58	14	2	49.555	-14.1833	-13.192	-49.449	3	2002	4271	1	260	3012
1367	7.09	14	2	49.555	-14.1833	-13.192	-49.449	3	2002	4271	1	260	2904
1402	6.72	14	2	49.555	-14.1833	-13.192	-49.449	3	2002	4271	1	260	2869
1440	6.16	14	2	49.555	-14.1833	-13.192	-49.449	3	2002	4271	1	260	2831
2452	6.16	14	2	49.555	-14.1833	-13.192	-49.449	3	2002	4271	1	260	1819
1547	5.41	14	2	49.555	-14.1833	-13.192	-49.449	3	2002	4271	1	260	2724
1475	5.22	14	2	49.555	-14.1833	-13.192	-49.449	3	2002	4271	1	260	2796
1584	5.22	14	2	49.555	-14.1833	-13.192	-49.449	3	2002	4271	1	260	2687
1511	4.85	14	2	49.555	-14.1833	-13.192	-49.449	3	2002	4271	1	260	2760
2560	4.29	14	2	49.555	-14.1833	-13.192	-49.449	3	2002	4271	1	260	1711
2164	3.92	14	2	49.555	-14.1833	-13.192	-49.449	3	2002	4271	1	260	2107
2487	3.92	14	2	49.555	-14.1833	-13.192	-49.449	3	2002	4271	1	260	1784
2524	3.92	14	2	49.555	-14.1833	-13.192	-49.449	3	2002	4271	1	260	1747
1621	3.73	14	2	49.555	-14.1833	-13.192	-49.449	3	2002	4271	1	260	2650
1911	3.73	14	2	49.555	-14.1833	-13.192	-49.449	3	2002	4271	1	260	2360
2380	3.73	14	2	49.555	-14.1833	-13.192	-49.449	3	2002	4271	1	260	1891
1877	3.17	14	2	49.555	-14.1833	-13.192	-49.449	3	2002	4271	1	260	2394
2201	3.17	14	2	49.555	-14.1833	-13.192	-49.449	3	2002	4271	1	260	2070
2344	3.17	14	2	49.555	-14.1833	-13.192	-49.449	3	2002	4271	1	260	1927
2019	2.99	14	2	49.555	-14.1833	-13.192	-49.449	3	2002	4271	1	260	2252
2275	2.99	14	2	49.555	-14.1833	-13.192	-49.449	3	2002	4271	1	260	1996
1983	2.8	14	2	49.555	-14.1833	-13.192	-49.449	3	2002	4271	1	260	2288
2056	2.8	14	2	49.555	-14.1833	-13.192	-49.449	3	2002	4271	1	260	2215
2595	2.8	14	2	49.555	-14.1833	-13.192	-49.449	3	2002	4271	1	260	1676
2740	2.8	14	2	49.555	-14.1833	-13.192	-49.449	3	2002	4271	1	260	1531
2236	2.61	14	2	49.555	-14.1833	-13.192	-49.449	3	2002	4271	1	260	2035
2307	2.43	14	2	49.555	-14.1833	-13.192	-49.449	3	2002	4271	1	260	1964
2668	2.43	14	2	49.555	-14.1833	-13.192	-49.449	3	2002	4271	1	260	1603
2777	2.43	14	2	49.555	-14.1833	-13.192	-49.449	3	2002	4271	1	260	1494
1947	2.24	14	2	49.555	-14.1833	-13.192	-49.449	3	2002	4271	1	260	2324
2093	2.24	14	2	49.555	-14.1833	-13.192	-49.449	3	2002	4271	1	260	2178
2128	1.87	14	2	49.555	-14.1833	-13.192	-49.449	3	2002	4271	1	260	2143
2706	1.87	14	2	49.555	-14.1833	-13.192	-49.449	3	2002	4271	1	260	1565
2631	1.68	14	2	49.555	-14.1833	-13.192	-49.449	3	2002	4271	1	260	1640
2883	1.68	14	2	49.555	-14.1833	-13.192	-49.449	3	2002	4271	1	260	1388
2919	1.68	14	2	49.555	-14.1833	-13.192	-49.449	3	2002	4271	1	260	1352
2812	1.49	14	2	49.555	-14.1833	-13.192	-49.449	3	2002	4271	1	260	1459
2849	1.49	14	2	49.555	-14.1833	-13.192	-49.449	3	2002	4271	1	260	1422
2957	1.31	14	2	49.555	-14.1833	-13.192	-49.449	3	2002	4271	1	260	1314
591.24	78.66923996	15	2	49.807	-14.0643	-4.590	-21.447	3	2002	3993	1	260	3401.76
554.97	77.93401342	15	2	49.807	-14.0643	-4.590	-21.447	3	2002	3993	1	260	3438.03
518.7	59.55334988	15	2	49.807	-14.0643	-4.590	-21.447	3	2002	3993	1	260	3474.3
627.51	56.61244371	15	2	49.807	-14.0643	-4.590	-21.447	3	2002	3993	1	260	3365.49
663.78	51.28205128	15	2	49.807	-14.0643	-4.590	-21.447	3	2002	3993	1	260	3329.22
700.05	38.96700671	15	2	49.807	-14.0643	-4.590	-21.447	3	2002	3993	1	260	3292.95
772.59	34.37184082	15	2	49.807	-14.0643	-4.590	-21.447	3	2002	3993	1	260	3220.41
808.86	31.98235456	15	2	49.807	-14.0643	-4.590	-21.447	3	2002	3993	1	260	3184.14
736.32	27.57099531	15	2	49.807	-14.0643	-4.590	-21.447	3	2002	3993	1	260	3256.68
990.21	23.15963606	15	2	49.807	-14.0643	-4.590	-21.447	3	2002	3993	1	260	3002.79
917.67	22.97582943	15	2	49.807	-14.0643	-4.590	-21.447	3	2002	3993	1	260	3075.33
845.13	22.42440952	15	2	49.807	-14.0643	-4.590	-21.447	3	2002	3993	1	260	3147.87
953.94	21.13776307	15	2	49.807	-14.0643	-4.590	-21.447	3	2002	3993	1	260	3039.06
1026.48	20.03492326	15	2	49.807	-14.0643	-4.590	-21.447	3	2002	3993	1	260	2966.52
881.4	18.74827681	15	2	49.807	-14.0643	-4.590	-21.447	3	2002	3993	1	260	3111.6
1099.02	17.82924364	15	2	49.807	-14.0643	-4.590	-21.447	3	2002	3993	1	260	2893.98
1316.64	16.54259719	15	2	49.807	-14.0643	-4.590	-21.447	3	2002	3993	1	260	2676.36
1135.29	15.99117728	15	2	49.807	-14.0643	-4.590	-21.447	3	2002	3993	1	260	2857.71
1171.56	15.80737065	15	2	49.807	-14.0643	-4.590	-21.447	3	2002	3993	1	260	2821.44
1244.1	14.33691756	15	2	49.807	-14.0643	-4.590	-21.447	3	2002	3993	1	260	2748.9
1207.83	14.15311093	15	2	49.807	-14.0643	-4.590	-21.447	3	2002	3993	1	260	2785.17
1280.37	14.15311093	15	2	49.807	-14.0643	-4.590	-21.447	3	2002	3993	1	260	2712.63
1389.18	11.9474313	15	2	49.807	-14.0643	-4.590	-21.447	3	2002	3993	1	260	2603.82
1352.91	11.21220476	15	2	49.807	-14.0643	-4.590	-21.447	3	2002	3993	1	260	2640.09
1497.99	10.10936495	15	2	49.807	-14.0643	-4.590	-21.447	3	2002	3993	1	260	2495.01
1461.72	8.8227185	15	2	49.807	-14.0643	-4.590	-21.447	3	2002	3993	1	260	2531.28
1425.45	8.271298594	15	2	49.807	-14.0643	-4.590	-21.447	3	2002	3993	1	260	2567.55
1534.26	7.536072052	15	2	49.807	-14.0643	-4.590	-21.447	3	2002	3993	1	260	2458.74
1788.15	4.778972521	15	2	49.807	-14.0643	-4.590	-21.447	3	2002	3993	1	260	2204.85
1896.96	4.41135925	15	2	49.807	-14.0643	-4.590	-21.447	3	2002	3993	1	260	2096.04
1860.69	3.859939344	15	2	49.807	-14.0643	-4.590	-21.447	3	2002	3993	1	260	2132.31
1969.5	3.676132708	15	2	49.807	-14.0643	-4.590	-21.447	3	2002	3993	1	260	2023.5
2404.74	3.676132708	15	2	49.807	-14.0643	-4.590	-21.447	3	2002	3993	1	260	1588.26
2477.28	3.676132708	15	2	49.807	-14.0643	-4.590	-21.447	3	2002	3993	1	260	1515.72
1933.23	3.492326073	15	2	49.807	-14.0643	-4.590	-21.447	3	2002	3993	1	260	2059.77
2005.77	3.308519438	15	2	49.807	-14.0643	-4.590	-21.447	3	2002	3993	1	260	1987.23
1824.42	3.124712802	15	2	49.807	-14.0643	-4.590	-21.447	3	2002	3993	1	260	2168.58
2368.47	3.124712802	15	2	49.807	-14.0643	-4.590	-21.447	3	2002	3993	1	260	1624.53
2259.66	2.940906167	15	2	49.807	-14.0643	-4.590	-21.447	3	2002	3993	1	260	1733.34
2767.44	2.940906167	15	2	49.807	-14.0643	-4.590	-21.447	3	2002	3993	1	260	1225.56
2694.9	2.757099531	15	2	49.807	-14.0643	-4.590	-21.447	3	2002	3993	1	260	1298.1
2586.09	2.573292896	15	2	49.807	-14.0643	-4.590	-21.447	3	2002	3993	1	260	1406.91
2731.17	2.573292896	15	2	49.807	-14.0643	-4.590	-21.447	3	2002	3993	1	260	1261.83
2078.31	2.38948626	15	2	49.807	-14.0643	-4.590	-21.447	3	2002	3993	1	260	1914.69
2441.01	2.38948626	15	2	49.807	-14.0643	-4.590	-21.447	3	2002	3993	1	260	1551.99
2513.55	2.38948626	15	2	49.807	-14.0643	-4.590	-21.447	3	2002	3993	1	260	1479.45
2622.36	2.38948626	15	2	49.807	-14.0643	-4.590	-21.447	3	2002	3993	1	260	1370.64
2150.85	2.205679625	15	2	49.807	-14.0643	-4.590	-21.447	3	2002	3993	1	260	1842.15
2658.63	2.205679625	15	2	49.807	-14.0643	-4.590	-21.447	3	2002	3993	1	260	1334.37
2042.04	2.02187299	15	2	49.807	-14.0643	-4.590	-21.447	3	2002	3993	1	260	1950.96
2295.93	2.02187299	15	2	49.807	-14.0643	-4.590	-21.447	3	2002	3993	1	260	1697.07
2549.82	2.02187299	15	2	49.807	-14.0643	-4.590	-21.447	3	2002	3993	1	260	1443.18
2114.58	1.838066354	15	2	49.807	-14.0643	-4.590	-21.447	3	2002	3993	1	260	1878.42
2223.39	1.470453083	15	2	49.807	-14.0643	-4.590	-21.447	3	2002	3993	1	260	1769.61
2187.12	1.286646448	15	2	49.807	-14.0643	-4.590	-21.447	3	2002	3993	1	260	1805.88
2803.71	1.102839813	15	2	49.807	-14.0643	-4.590	-21.447	3	2002	3993	1	260	1189.29
598	53.37	16	1	49.0322	-16.1493	-156.562	-107.566	10	2002	4810	2	266	4212
631	51.32	16	1	49.0322	-16.1493	-156.562	-107.566	10	2002	4810	2	266	4179
700	42.42	16	1	49.0322	-16.1493	-156.562	-107.566	10	2002	4810	2	266	4110
666	38.32	16	1	49.0322	-16.1493	-156.562	-107.566	10	2002	4810	2	266	4144
1317	37.29	16	1	49.0322	-16.1493	-156.562	-107.566	10	2002	4810	2	266	3493
1352	36.27	16	1	49.0322	-16.1493	-156.562	-107.566	10	2002	4810	2	266	3458
1417	32.16	16	1	49.0322	-16.1493	-156.562	-107.566	10	2002	4810	2	266	3393
1386	31.82	16	1	49.0322	-16.1493	-156.562	-107.566	10	2002	4810	2	266	3424
938	28.74	16	1	49.0322	-16.1493	-156.562	-107.566	10	2002	4810	2	266	3872
1009	28.74	16	1	49.0322	-16.1493	-156.562	-107.566	10	2002	4810	2	266	3801
974	26.34	16	1	49.0322	-16.1493	-156.562	-107.566	10	2002	4810	2	266	3836
1652	26	16	1	49.0322	-16.1493	-156.562	-107.566	10	2002	4810	2	266	3158
1043	25.66	16	1	49.0322	-16.1493	-156.562	-107.566	10	2002	4810	2	266	3767
1719	25.66	16	1	49.0322	-16.1493	-156.562	-107.566	10	2002	4810	2	266	3091
1686	22.24	16	1	49.0322	-16.1493	-156.562	-107.566	10	2002	4810	2	266	3124
2048	15.05	16	1	49.0322	-16.1493	-156.562	-107.566	10	2002	4810	2	266	2762
1751	14.71	16	1	49.0322	-16.1493	-156.562	-107.566	10	2002	4810	2	266	3059
2080	12.66	16	1	49.0322	-16.1493	-156.562	-107.566	10	2002	4810	2	266	2730
2015	11.63	16	1	49.0322	-16.1493	-156.562	-107.566	10	2002	4810	2	266	2795
2378	10.95	16	1	49.0322	-16.1493	-156.562	-107.566	10	2002	4810	2	266	2432
2114	8.9	16	1	49.0322	-16.1493	-156.562	-107.566	10	2002	4810	2	266	2696
2345	6.16	16	1	49.0322	-16.1493	-156.562	-107.566	10	2002	4810	2	266	2465
2711	5.47	16	1	49.0322	-16.1493	-156.562	-107.566	10	2002	4810	2	266	2099
2412	4.11	16	1	49.0322	-16.1493	-156.562	-107.566	10	2002	4810	2	266	2398
2445	4.11	16	1	49.0322	-16.1493	-156.562	-107.566	10	2002	4810	2	266	2365
2744	4.11	16	1	49.0322	-16.1493	-156.562	-107.566	10	2002	4810	2	266	2066
2779	3.42	16	1	49.0322	-16.1493	-156.562	-107.566	10	2002	4810	2	266	2031
3044	3.42	16	1	49.0322	-16.1493	-156.562	-107.566	10	2002	4810	2	266	1766
3441	2.39	16	1	49.0322	-16.1493	-156.562	-107.566	10	2002	4810	2	266	1369
3473	2.39	16	1	49.0322	-16.1493	-156.562	-107.566	10	2002	4810	2	266	1337
3742	2.05	16	1	49.0322	-16.1493	-156.562	-107.566	10	2002	4810	2	266	1068
3776	2.05	16	1	49.0322	-16.1493	-156.562	-107.566	10	2002	4810	2	266	1034
3140	1.71	16	1	49.0322	-16.1493	-156.562	-107.566	10	2002	4810	2	266	1670
3406	1.71	16	1	49.0322	-16.1493	-156.562	-107.566	10	2002	4810	2	266	1404
2810	1.37	16	1	49.0322	-16.1493	-156.562	-107.566	10	2002	4810	2	266	2000
3074	1.37	16	1	49.0322	-16.1493	-156.562	-107.566	10	2002	4810	2	266	1736
3810	1.37	16	1	49.0322	-16.1493	-156.562	-107.566	10	2002	4810	2	266	1000
3841	1.37	16	1	49.0322	-16.1493	-156.562	-107.566	10	2002	4810	2	266	969
4109	1.37	16	1	49.0322	-16.1493	-156.562	-107.566	10	2002	4810	2	266	701
4174	1.03	16	1	49.0322	-16.1493	-156.562	-107.566	10	2002	4810	2	266	636
4141	0.68	16	1	49.0322	-16.1493	-156.562	-107.566	10	2002	4810	2	266	669
4206	0.68	16	1	49.0322	-16.1493	-156.562	-107.566	10	2002	4810	2	266	604
4766	0.68	16	1	49.0322	-16.1493	-156.562	-107.566	10	2002	4810	2	266	44
4797	0.68	16	1	49.0322	-16.1493	-156.562	-107.566	10	2002	4810	2	266	13
4866	0.68	16	1	49.0322	-16.1493	-156.562	-107.566	10	2002	4810	2	266	-56
3108	0.34	16	1	49.0322	-16.1493	-156.562	-107.566	10	2002	4810	2	266	1702
3509	0.34	16	1	49.0322	-16.1493	-156.562	-107.566	10	2002	4810	2	266	1301
4437	0.34	16	1	49.0322	-16.1493	-156.562	-107.566	10	2002	4810	2	266	373
4469	0.34	16	1	49.0322	-16.1493	-156.562	-107.566	10	2002	4810	2	266	341
4502	0.34	16	1	49.0322	-16.1493	-156.562	-107.566	10	2002	4810	2	266	308
4831	0	16	1	49.0322	-16.1493	-156.562	-107.566	10	2002	4810	2	266	-21
724	28.7	17	2	48.7772	-16.4845	-181.965	-135.902	10	2002	4808	2	266	4084
858	27.59	17	2	48.7772	-16.4845	-181.965	-135.902	10	2002	4808	2	266	3950
689	24.24	17	2	48.7772	-16.4845	-181.965	-135.902	10	2002	4808	2	266	4119
655	23.97	17	2	48.7772	-16.4845	-181.965	-135.902	10	2002	4808	2	266	4153
823	21.46	17	2	48.7772	-16.4845	-181.965	-135.902	10	2002	4808	2	266	3985
1185	19.79	17	2	48.7772	-16.4845	-181.965	-135.902	10	2002	4808	2	266	3623
758	18.95	17	2	48.7772	-16.4845	-181.965	-135.902	10	2002	4808	2	266	4050
924	17.83	17	2	48.7772	-16.4845	-181.965	-135.902	10	2002	4808	2	266	3884
1252	17.83	17	2	48.7772	-16.4845	-181.965	-135.902	10	2002	4808	2	266	3556
1087	17.28	17	2	48.7772	-16.4845	-181.965	-135.902	10	2002	4808	2	266	3721
1216	17.28	17	2	48.7772	-16.4845	-181.965	-135.902	10	2002	4808	2	266	3592
556	16.72	17	2	48.7772	-16.4845	-181.965	-135.902	10	2002	4808	2	266	4252
891	16.72	17	2	48.7772	-16.4845	-181.965	-135.902	10	2002	4808	2	266	3917
1152	16.72	17	2	48.7772	-16.4845	-181.965	-135.902	10	2002	4808	2	266	3656
956	16.44	17	2	48.7772	-16.4845	-181.965	-135.902	10	2002	4808	2	266	3852
1054	16.44	17	2	48.7772	-16.4845	-181.965	-135.902	10	2002	4808	2	266	3754
1651	16.16	17	2	48.7772	-16.4845	-181.965	-135.902	10	2002	4808	2	266	3157
1119	15.88	17	2	48.7772	-16.4845	-181.965	-135.902	10	2002	4808	2	266	3689
790	15.05	17	2	48.7772	-16.4845	-181.965	-135.902	10	2002	4808	2	266	4018
623	14.49	17	2	48.7772	-16.4845	-181.965	-135.902	10	2002	4808	2	266	4185
987	14.21	17	2	48.7772	-16.4845	-181.965	-135.902	10	2002	4808	2	266	3821
1684	14.21	17	2	48.7772	-16.4845	-181.965	-135.902	10	2002	4808	2	266	3124
1022	13.1	17	2	48.7772	-16.4845	-181.965	-135.902	10	2002	4808	2	266	3786
1718	12.26	17	2	48.7772	-16.4845	-181.965	-135.902	10	2002	4808	2	266	3090
1783	11.37	17	2	48.7772	-16.4845	-181.965	-135.902	10	2002	4808	2	266	3025
588	8.64	17	2	48.7772	-16.4845	-181.965	-135.902	10	2002	4808	2	266	4220
1749	6.13	17	2	48.7772	-16.4845	-181.965	-135.902	10	2002	4808	2	266	3059
2343	5.29	17	2	48.7772	-16.4845	-181.965	-135.902	10	2002	4808	2	266	2465
2375	4.74	17	2	48.7772	-16.4845	-181.965	-135.902	10	2002	4808	2	266	2433
2408	4.74	17	2	48.7772	-16.4845	-181.965	-135.902	10	2002	4808	2	266	2400
2472	4.35	17	2	48.7772	-16.4845	-181.965	-135.902	10	2002	4808	2	266	2336
2441	4.18	17	2	48.7772	-16.4845	-181.965	-135.902	10	2002	4808	2	266	2367
3060	2.79	17	2	48.7772	-16.4845	-181.965	-135.902	10	2002	4808	2	266	1748
3844	2.23	17	2	48.7772	-16.4845	-181.965	-135.902	10	2002	4808	2	266	964
3093	1.95	17	2	48.7772	-16.4845	-181.965	-135.902	10	2002	4808	2	266	1715
3811	1.95	17	2	48.7772	-16.4845	-181.965	-135.902	10	2002	4808	2	266	997
3160	1.39	17	2	48.7772	-16.4845	-181.965	-135.902	10	2002	4808	2	266	1648
4424	1.39	17	2	48.7772	-16.4845	-181.965	-135.902	10	2002	4808	2	266	384
3877	1.34	17	2	48.7772	-16.4845	-181.965	-135.902	10	2002	4808	2	266	931
3125	1.11	17	2	48.7772	-16.4845	-181.965	-135.902	10	2002	4808	2	266	1683
3192	1	17	2	48.7772	-16.4845	-181.965	-135.902	10	2002	4808	2	266	1616
4488	0.84	17	2	48.7772	-16.4845	-181.965	-135.902	10	2002	4808	2	266	320
3746	0.56	17	2	48.7772	-16.4845	-181.965	-135.902	10	2002	4808	2	266	1062
3778	0.56	17	2	48.7772	-16.4845	-181.965	-135.902	10	2002	4808	2	266	1030
4551	0.33	17	2	48.7772	-16.4845	-181.965	-135.902	10	2002	4808	2	266	257
4455	0.28	17	2	48.7772	-16.4845	-181.965	-135.902	10	2002	4808	2	266	353
4521	0.28	17	2	48.7772	-16.4845	-181.965	-135.902	10	2002	4808	2	266	287
580	36.33	18	3	49.4647	-15.57	-113.383	-59.450	10	2002	4728	2	266	4148
516	31.63	18	3	49.4647	-15.57	-113.383	-59.450	10	2002	4728	2	266	4212
549	31.42	18	3	49.4647	-15.57	-113.383	-59.450	10	2002	4728	2	266	4179
709	26.5	18	3	49.4647	-15.57	-113.383	-59.450	10	2002	4728	2	266	4019
612	25.43	18	3	49.4647	-15.57	-113.383	-59.450	10	2002	4728	2	266	4116
1224	25.01	18	3	49.4647	-15.57	-113.383	-59.450	10	2002	4728	2	266	3504
678	24.37	18	3	49.4647	-15.57	-113.383	-59.450	10	2002	4728	2	266	4050
646	22.23	18	3	49.4647	-15.57	-113.383	-59.450	10	2002	4728	2	266	4082
741	22.23	18	3	49.4647	-15.57	-113.383	-59.450	10	2002	4728	2	266	3987
1189	22.23	18	3	49.4647	-15.57	-113.383	-59.450	10	2002	4728	2	266	3539
1125	21.59	18	3	49.4647	-15.57	-113.383	-59.450	10	2002	4728	2	266	3603
867	20.73	18	3	49.4647	-15.57	-113.383	-59.450	10	2002	4728	2	266	3861
1617	20.3	18	3	49.4647	-15.57	-113.383	-59.450	10	2002	4728	2	266	3111
1649	20.09	18	3	49.4647	-15.57	-113.383	-59.450	10	2002	4728	2	266	3079
1030	19.66	18	3	49.4647	-15.57	-113.383	-59.450	10	2002	4728	2	266	3698
1684	19.66	18	3	49.4647	-15.57	-113.383	-59.450	10	2002	4728	2	266	3044
772	18.59	18	3	49.4647	-15.57	-113.383	-59.450	10	2002	4728	2	266	3956
1092	18.59	18	3	49.4647	-15.57	-113.383	-59.450	10	2002	4728	2	266	3636
1158	18.59	18	3	49.4647	-15.57	-113.383	-59.450	10	2002	4728	2	266	3570
804	17.74	18	3	49.4647	-15.57	-113.383	-59.450	10	2002	4728	2	266	3924
898	17.53	18	3	49.4647	-15.57	-113.383	-59.450	10	2002	4728	2	266	3830
834	16.46	18	3	49.4647	-15.57	-113.383	-59.450	10	2002	4728	2	266	3894
1748	16.16	18	3	49.4647	-15.57	-113.383	-59.450	10	2002	4728	2	266	2980
963	15.18	18	3	49.4647	-15.57	-113.383	-59.450	10	2002	4728	2	266	3765
1718	14.96	18	3	49.4647	-15.57	-113.383	-59.450	10	2002	4728	2	266	3010
995	14.53	18	3	49.4647	-15.57	-113.383	-59.450	10	2002	4728	2	266	3733
931	13.04	18	3	49.4647	-15.57	-113.383	-59.450	10	2002	4728	2	266	3797
1063	13.04	18	3	49.4647	-15.57	-113.383	-59.450	10	2002	4728	2	266	3665
2339	9.4	18	3	49.4647	-15.57	-113.383	-59.450	10	2002	4728	2	266	2389
2307	7.91	18	3	49.4647	-15.57	-113.383	-59.450	10	2002	4728	2	266	2421
2405	5.13	18	3	49.4647	-15.57	-113.383	-59.450	10	2002	4728	2	266	2323
2371	4.49	18	3	49.4647	-15.57	-113.383	-59.450	10	2002	4728	2	266	2357
2435	3.85	18	3	49.4647	-15.57	-113.383	-59.450	10	2002	4728	2	266	2293
3059	2.35	18	3	49.4647	-15.57	-113.383	-59.450	10	2002	4728	2	266	1669
3028	1.92	18	3	49.4647	-15.57	-113.383	-59.450	10	2002	4728	2	266	1700
3772	1.92	18	3	49.4647	-15.57	-113.383	-59.450	10	2002	4728	2	266	956
3157	1.8	18	3	49.4647	-15.57	-113.383	-59.450	10	2002	4728	2	266	1571
3124	1.71	18	3	49.4647	-15.57	-113.383	-59.450	10	2002	4728	2	266	1604
3740	1.28	18	3	49.4647	-15.57	-113.383	-59.450	10	2002	4728	2	266	988
3803	1.28	18	3	49.4647	-15.57	-113.383	-59.450	10	2002	4728	2	266	925
3092	1.07	18	3	49.4647	-15.57	-113.383	-59.450	10	2002	4728	2	266	1636
3833	1.03	18	3	49.4647	-15.57	-113.383	-59.450	10	2002	4728	2	266	895
3707	0.85	18	3	49.4647	-15.57	-113.383	-59.450	10	2002	4728	2	266	1021
4462	0.64	18	3	49.4647	-15.57	-113.383	-59.450	10	2002	4728	2	266	266
4401	0.43	18	3	49.4647	-15.57	-113.383	-59.450	10	2002	4728	2	266	327
4432	0.21	18	3	49.4647	-15.57	-113.383	-59.450	10	2002	4728	2	266	296
4368	0	18	3	49.4647	-15.57	-113.383	-59.450	10	2002	4728	2	266	360
4494	0	18	3	49.4647	-15.57	-113.383	-59.450	10	2002	4728	2	266	234
1508	46.69	19	2	49.7792	-13.6275	26.693	-24.558	10	2002	2927	2	266	1419
1544	40.16	19	2	49.7792	-13.6275	26.693	-24.558	10	2002	2927	2	266	1383
1330	35.93	19	2	49.7792	-13.6275	26.693	-24.558	10	2002	2927	2	266	1597
1147	35.54	19	2	49.7792	-13.6275	26.693	-24.558	10	2002	2927	2	266	1780
640	35.35	19	2	49.7792	-13.6275	26.693	-24.558	10	2002	2927	2	266	2287
1111	34.78	19	2	49.7792	-13.6275	26.693	-24.558	10	2002	2927	2	266	1816
1578	34.2	19	2	49.7792	-13.6275	26.693	-24.558	10	2002	2927	2	266	1349
1686	34.2	19	2	49.7792	-13.6275	26.693	-24.558	10	2002	2927	2	266	1241
1291	34.01	19	2	49.7792	-13.6275	26.693	-24.558	10	2002	2927	2	266	1636
1614	33.05	19	2	49.7792	-13.6275	26.693	-24.558	10	2002	2927	2	266	1313
1721	32.28	19	2	49.7792	-13.6275	26.693	-24.558	10	2002	2927	2	266	1206
604	31.51	19	2	49.7792	-13.6275	26.693	-24.558	10	2002	2927	2	266	2323
1437	30.93	19	2	49.7792	-13.6275	26.693	-24.558	10	2002	2927	2	266	1490
1218	29.97	19	2	49.7792	-13.6275	26.693	-24.558	10	2002	2927	2	266	1709
567	29.59	19	2	49.7792	-13.6275	26.693	-24.558	10	2002	2927	2	266	2360
1401	29.01	19	2	49.7792	-13.6275	26.693	-24.558	10	2002	2927	2	266	1526
1183	28.63	19	2	49.7792	-13.6275	26.693	-24.558	10	2002	2927	2	266	1744
1795	28.24	19	2	49.7792	-13.6275	26.693	-24.558	10	2002	2927	2	266	1132
1364	27.86	19	2	49.7792	-13.6275	26.693	-24.558	10	2002	2927	2	266	1563
1830	27.86	19	2	49.7792	-13.6275	26.693	-24.558	10	2002	2927	2	266	1097
673	27.47	19	2	49.7792	-13.6275	26.693	-24.558	10	2002	2927	2	266	2254
1473	27.28	19	2	49.7792	-13.6275	26.693	-24.558	10	2002	2927	2	266	1454
1757	26.71	19	2	49.7792	-13.6275	26.693	-24.558	10	2002	2927	2	266	1170
928	24.21	19	2	49.7792	-13.6275	26.693	-24.558	10	2002	2927	2	266	1999
745	22.67	19	2	49.7792	-13.6275	26.693	-24.558	10	2002	2927	2	266	2182
1075	22.67	19	2	49.7792	-13.6275	26.693	-24.558	10	2002	2927	2	266	1852
1868	22.67	19	2	49.7792	-13.6275	26.693	-24.558	10	2002	2927	2	266	1059
856	22.48	19	2	49.7792	-13.6275	26.693	-24.558	10	2002	2927	2	266	2071
1038	21.52	19	2	49.7792	-13.6275	26.693	-24.558	10	2002	2927	2	266	1889
708	20.94	19	2	49.7792	-13.6275	26.693	-24.558	10	2002	2927	2	266	2219
818	20.75	19	2	49.7792	-13.6275	26.693	-24.558	10	2002	2927	2	266	2109
781	20.56	19	2	49.7792	-13.6275	26.693	-24.558	10	2002	2927	2	266	2146
1900	20.37	19	2	49.7792	-13.6275	26.693	-24.558	10	2002	2927	2	266	1027
963	19.79	19	2	49.7792	-13.6275	26.693	-24.558	10	2002	2927	2	266	1964
531	18.83	19	2	49.7792	-13.6275	26.693	-24.558	10	2002	2927	2	266	2396
1938	17.29	19	2	49.7792	-13.6275	26.693	-24.558	10	2002	2927	2	266	989
1974	16.52	19	2	49.7792	-13.6275	26.693	-24.558	10	2002	2927	2	266	953
1001	15.18	19	2	49.7792	-13.6275	26.693	-24.558	10	2002	2927	2	266	1926
2191	8.45	19	2	49.7792	-13.6275	26.693	-24.558	10	2002	2927	2	266	736
2228	6.92	19	2	49.7792	-13.6275	26.693	-24.558	10	2002	2927	2	266	699
2296	5.76	19	2	49.7792	-13.6275	26.693	-24.558	10	2002	2927	2	266	631
2262	5.19	19	2	49.7792	-13.6275	26.693	-24.558	10	2002	2927	2	266	665
2512	3.46	19	2	49.7792	-13.6275	26.693	-24.558	10	2002	2927	2	266	415
2548	3.07	19	2	49.7792	-13.6275	26.693	-24.558	10	2002	2927	2	266	379
2618	3.07	19	2	49.7792	-13.6275	26.693	-24.558	10	2002	2927	2	266	309
2583	2.88	19	2	49.7792	-13.6275	26.693	-24.558	10	2002	2927	2	266	344
2866	2.69	19	2	49.7792	-13.6275	26.693	-24.558	10	2002	2927	2	266	61
2901	2.11	19	2	49.7792	-13.6275	26.693	-24.558	10	2002	2927	2	266	26
2831	1.73	19	2	49.7792	-13.6275	26.693	-24.558	10	2002	2927	2	266	96
