0.385204599079774	0.183010867887305	0.545165886209485	0.598325935515227	-1
0.065588174516126	0.515544411013238	0.64515003622213	0.390085093718049	-1
0.554554297812874	0.111030050379441	0.217263649932459	0.703675876129161	-1
0.307584125112943	0.117352672701386	0.568609320398988	0.171143095794939	-1
0.527311484999533	0.593813008977151	0.0235083737120014	0.393044664831002	-1
0.803195102906006	0.37986983317073	0.3667757963191	0.267270460473945	-1
0.702871798697945	0.137652365081806	0.485538666231246	0.00920534799437434	-1
0.200697525789838	0.170400708593959	0.585402273976623	0.113856487195498	-1
0.961631588176378	0.419472045409378	0.864935386015315	0.789469010403145	1
0.764385515557212	0.321606853450348	0.799219327204778	0.0778574374409899	-1
0.298399708814063	0.607384190836342	0.643155052314267	0.8373468495789	1
0.334610900960445	0.298434643230294	0.556043452025843	0.508636942342712	-1
0.808139524826803	0.0378754368886405	0.961467108830288	0.511487678880378	1
0.698091050667717	0.904061034446997	0.684651895228196	0.77091643379233	1
0.109887067082898	0.216205817826847	0.80034450317974	0.176257314453018	-1
0.601303139630023	0.76145978515838	0.428002522311029	0.306252835376021	-1
0.31519910577504	0.841955108780638	0.331077357480705	0.970240363606713	1
0.738416264874406	0.558167481702398	0.71982240643737	0.621999811964393	1
0.0742427102137846	0.578252982885715	0.181949817956632	0.492108994699926	-1
0.0500956392390783	0.0740552798488494	0.935284132536022	0.990497939285312	1
0.0656456805082293	0.581080922876282	0.327140483946732	0.0777173311082677	-1
0.580645904066063	0.825388831070811	0.615434123193065	0.556278217307771	1
0.535485048399526	0.384135389086225	0.928577129213732	0.647944174355679	1
0.958343414366983	0.753185427138831	0.990232605473519	0.495352413764913	1
0.136298657012848	0.595093308312101	0.739296740939619	0.943720823986332	1
0.287440162477612	0.759853958741004	0.60651015031382	0.848202786644343	1
0.368762641793442	0.000722510491073081	0.611432214299992	0.332844824255382	-1
0.870204818716832	0.0553298463320431	0.00484102862571589	0.65687279697385	-1
0.386685447392384	0.101131302646905	0.242767353007661	0.272594530216686	-1
0.7134991800656	0.212393663914483	0.183278940752214	0.0765994857306609	-1
0.790226827767672	0.797552932057158	0.542872138716103	0.94282344828563	1
0.216771130381563	0.550588738955142	0.536095988416204	0.203717251202356	-1
0.302758089266266	0.943412253094692	0.903150544673405	0.526127368855164	1
0.786978028164942	0.969129574139956	0.0621110708023842	0.464101825627573	-1
0.903537648952724	0.735023474696618	0.214703481517329	0.1048413710432	-1
0.380837250391313	0.63141949917032	0.899889198913112	0.540212312444616	1
0.0713837929500336	0.46611942791381	0.693729775602105	0.169037842149471	-1
0.135933433426903	0.967272523304061	0.666038534838801	0.979828207976105	1
0.283784332058278	0.999514355494114	0.446258392747591	0.285360716899994	-1
0.319594764542035	0.303660921844155	0.648027275083503	0.825867393877779	1
0.811390664416766	0.419553787952367	0.232325432801428	0.563445204057253	-1
0.798083490038341	0.0607866522783382	0.634387809586283	0.83421014917959	1
0.149601567475234	0.720606633080365	0.0742797329047953	0.174836330474228	-1
0.108528618505364	0.857501258272706	0.0528709005790198	0.105243293247206	-1
0.136949854039759	0.0597061683498907	0.194721229852416	0.328733695170406	-1
0.00216161022219197	0.0585754822224516	0.131057937921266	0.244877633492045	-1
0.0197986562197237	0.266046369562858	0.994134640052774	0.492080954157977	1
0.479075381116449	0.851406120395239	0.111696563171687	0.233216094045652	-1
0.259145963019211	0.00784621054366141	0.970974882204327	0.602507845012802	1
0.236532058294106	0.176124489207268	0.791971105272335	0.482220453150354	-1
0.998387271562695	0.409144227669927	0.892378646007497	0.661596731272645	1
0.841022884173587	0.435203663540761	0.506696075304898	0.934002834941346	1
0.251645651350959	0.945308479512548	0.83425339714395	0.415543528587385	1
0.662054740239885	0.943090393288969	0.827098814373908	0.302713716648476	1
0.649294423304628	0.470122014091501	0.583723510174931	0.154850409415239	-1
0.913368547053668	0.768140197572706	0.581167675251447	0.131482941960549	-1
0.259724877364039	0.588863867534982	0.0875976721915457	0.66268722961464	-1
0.75606999225764	0.303319232082345	0.134542159334313	0.400396187442631	-1
0.0990612633435042	0.103092066217542	0.280319509426473	0.249092226581517	-1
0.724549450782607	0.598564824937881	0.904600265820431	0.954823029600341	1
0.11144634605559	0.692442353080352	0.982471993467723	0.432077662760115	1
0.178224544518887	0.694825433020185	0.691880015995121	0.40940056766923	1
0.344903628221051	0.218482921336729	0.0111014962150726	0.397995150855472	-1
0.252646601218661	0.685152333226569	0.816292428017857	0.64489061970739	1
0.896415157180019	0.0366420012660313	0.249572675219806	0.976054459575685	1
0.960270084894919	0.9948169256038	0.105153530100136	0.00829257206940071	-1
0.954736643920103	0.484451708299062	0.187360683548373	0.495678661232084	-1
0.674191882482607	0.420279087811679	0.495883312465093	0.851008024839764	1
0.930604435436994	0.277828123098104	0.359132510810607	0.560417545025437	-1
0.217425144027604	0.795933582870305	0.38828983097947	0.0955174383039221	-1
0.23137169394322	0.891834136834703	0.187664574493109	0.468430282346326	-1
0.175780186169167	0.767913084644164	0.909676987848581	0.107943048035004	-1
0.710743948940678	0.128348157368336	0.966588993238442	0.737087392917793	1
0.854182781181439	0.0458279480161536	0.940584827264882	0.272036378674422	-1
0.204167000672545	0.980288334529078	0.106656286210747	0.948031123108414	1
0.504267966339686	0.676174413204677	0.0897914964007889	0.309542748984434	-1
0.846552965970222	0.590518525207401	0.313147555188404	0.919072410243892	1
0.0653453208768475	0.335244496176927	0.804276334636352	0.572559223250813	1
0.0614130700109179	0.573288781454224	0.0622645185243833	0.0305916692453181	-1
0.681339470296056	0.374722379611484	0.453163866412421	0.245416526613731	-1
0.2090986000015	0.217039707294347	0.60077107861488	0.386649700422218	-1
0.683067390304732	0.369753681363363	0.534238785599921	0.636779504404991	1
0.886734249304244	0.119626592456385	0.705855417016888	0.374804079748507	-1
0.55822189513589	0.21712553988462	0.117442331775873	0.51707476806974	-1
0.783560893020098	0.620495793722327	0.61112692385532	0.10366545544948	-1
0.670688507522275	0.410297018553649	0.261830771296768	0.762018232750769	1
0.8127876485451	0.989072397099861	0.829857580660299	0.143517237227961	1
0.964685887115554	0.704594756520564	0.0880227282752593	0.97286122695774	1
0.31413647042999	0.71769945094195	0.784926665343544	0.528682614490073	1
0.955540674857605	0.319858067267106	0.217391463976465	0.542540802172418	-1
0.829626464634831	0.767668486297595	0.102680278615775	0.467561990919769	-1
0.283207934356842	0.339805694832577	0.652862224444586	0.40913232617779	-1
0.91168279653002	0.286305252343197	0.766163579703953	0.939945960165382	1
0.742408430263527	0.265633542415074	0.128434423728944	0.960584521115884	1
0.0944641224018632	0.966707675551305	0.852568130214092	0.04466745828217	-1
0.801522494949115	0.456049302750657	0.272652327845062	0.359624602808786	-1
0.012831463465691	0.401893714754124	0.371434902591584	0.267055034818419	-1
0.497532222729649	0.739555002487819	0.0670526601461425	0.964239038710382	1
0.102716520847313	0.853521302521159	0.183713705713625	0.805076624225428	1
0.666890673671691	0.775097809806581	0.55009274410909	0.149575852794122	-1
0.507122200342312	0.809030871070547	0.930661668403996	0.0416710995550957	1
0.397480440496384	0.00316063848534043	0.724231302675715	0.651904463704959	1
0.383952856718796	0.822114027167203	0.838944306260839	0.0812668760232285	-1
0.560456744597293	0.655340644118596	0.355279345789736	0.782808105003561	1
0.113629579829226	0.523013502960907	0.452873009688044	0.886650894516698	1
0.160653039687634	0.697690270688682	0.240833890270206	0.120572938830939	-1
0.612453657296957	0.358011072217465	0.185533103520878	0.701765377622571	-1
0.0303599140925321	0.771572068194629	0.568552568661996	0.575777036821613	1
0.0719391610431082	0.57156168389605	0.0776269411364687	0.126673813257334	-1
0.0836708952019087	0.165505064541279	0.185222496203945	0.0493714645934276	-1
0.964843417419392	0.179883627525868	0.306176808439783	0.422851683474342	-1
0.947221572099654	0.602457037391773	0.954022077555319	0.254084768642166	1
0.0853819332125205	0.201416107335262	0.794802725615721	0.370121518527618	-1
0.288031264884683	0.159263594186555	0.89006974742119	0.653771226969063	1
0.724122162285827	0.207407164586385	0.74311054703794	0.270965918770123	-1
0.57028928169952	0.948331531031997	0.433298951717372	0.890362287269362	1
0.81730831012371	0.334996450068559	0.0147960722250495	0.503616249464621	-1
0.290310616982016	0.286510503661773	0.0428939884155248	0.514369679010024	-1
0.0558771860445439	0.265508911203455	0.102391193234791	0.362228776085267	-1
0.491182925347662	0.312277020715214	0.82114841638683	0.790624070188052	1
0.259196070875408	0.787334015748129	0.6748488396405	0.03415162635428	-1
0.132456216160055	0.685160736318636	0.97538040870479	0.0154795784282058	-1
0.742875079040704	0.345141424042069	0.997321933830815	0.860626906960555	1
0.395281478248396	0.203035943378552	0.987641531968148	0.0155293098027087	-1
0.572626701097921	0.492748538477102	0.942298400451531	0.528135566642099	1
0.0308832535620276	0.210873694993523	0.884458639764613	0.225238658696021	-1
0.414134400641235	0.893114499109274	0.919917214080069	0.623261928979524	1
0.342770880772523	0.224634126456976	0.0918887254336305	0.864586443807163	-1
0.538325954631535	0.0614586192930489	0.345709346579039	0.199311532838799	-1
0.0802983385754636	0.875050483548904	0.21000132129161	0.811000305536261	1
0.754467388647658	0.260594420839467	0.773435211640074	0.529014828860589	1
0.387953955020041	0.0504802666112596	0.307453862029529	0.985155666908703	1
0.584702492632122	0.749352054860168	0.305648537673516	0.809262525615004	1
0.0110856551225034	0.770921298083621	0.747427541899892	0.925271788191104	1
0.349459931596389	0.0443381378880758	0.706529473999051	0.414628407244528	-1
0.92952827855753	0.962537500597037	0.0636158261378306	0.665974938725633	1
0.096789085763195	0.73323464380897	0.258899390789406	0.924699872291178	1
0.884232426551097	0.781682176133174	0.829448257005676	0.5212546024052	1
0.941161998745745	0.705632415999787	0.155205200828942	0.320449032009186	-1
0.407292446772249	0.482105547689073	0.832647993600798	0.326946765563939	1
0.668642879873236	0.789813452891138	0.00406232502190207	0.106885590697125	-1
0.539798701373304	0.649227676429504	0.427113667943186	0.824865506528418	1
0.56160315226558	0.860909287760478	0.133357811527315	0.242638994488267	-1
0.539150061506223	0.724064987995021	0.958217271108648	0.614495606596726	1
0.755087997795332	0.289209247980835	0.744592659300633	0.568969329225418	1
0.13884614579651	0.504773108929655	0.546619686151555	0.452151629828585	-1
0.0427115962024551	0.386608095678241	0.0611940589327382	0.280229672498344	-1
0.738109156290239	0.116315046431353	0.867963486957759	0.104176957974623	-1
0.695466068127534	0.369534114250968	0.891848576176937	0.814716667421926	1
0.622317977889868	0.314740307128304	0.0472479346683166	0.938295329372941	1
0.908586944329077	0.498300267703712	0.964477616054563	0.913010148233163	1
0.945120019794434	0.149787113084258	0.424386415814634	0.44601649314108	-1
0.949625795850526	0.475672622249846	0.977296817929822	0.490316710285136	1
0.739219089959779	0.947996435735988	0.741391878805668	0.929036652491526	1
0.945138472402594	0.891551782134854	0.560471344444505	0.399996179516087	1
0.665220406094409	0.298253130965989	0.251831137907796	0.653863433498877	-1
0.513905208726559	0.486014654134095	0.245199339703174	0.12736399897171	-1
0.556546659206635	0.222646021013574	0.359634226357993	0.881434178146797	1
0.131356671204149	0.269565417677995	0.0966261445994796	0.946026612458787	-1
0.0733218582185948	0.997765331427459	0.657040292750931	0.312285422982875	1
0.19288782947962	0.0872961400578163	0.882812169674207	0.0934209879083099	-1
0.939252496662807	0.155032453762985	0.65040684734063	0.652870487209519	1
0.23299935035968	0.0427590386651104	0.524047638395682	0.0778934855261824	-1
0.30291839497686	0.0333835672270908	0.0378044773972839	0.204911156539019	-1
0.652714023756861	0.307703954717994	0.0951277262531782	0.31656733830966	-1
0.738518384411879	0.883605214974168	0.13376446325989	0.607208511640884	1
0.609473542941974	0.235436165427359	0.83777193355392	0.92141207500763	1
0.280998811070379	0.930846493255913	0.924242039225302	0.118127012509596	1
0.676625651089143	0.990309074128319	0.278803355914331	0.117005012580897	-1
0.0346944608539594	0.884705079824869	0.665881720136195	0.320837131894372	1
0.722443840482743	0.20084284491891	0.0472395132555299	0.824033938924735	-1
0.334247128325618	0.263629292116292	0.419026746458155	0.595486278257972	-1
0.166700235663331	0.192151510157359	0.124256345727272	0.590687437343	-1
0.582702750993267	0.466802715932772	0.439493949073533	0.99203156016322	1
0.147189433152324	0.533539064172615	0.0785839539987556	0.496570843700162	-1
0.883218577117592	0.729542598058998	0.416191251304735	0.744888295524795	1
0.555614489499607	0.62560460505965	0.611795289610566	0.403600405314954	1
0.878821302198023	0.13597958588349	0.725650342725071	0.150793786466501	-1
0.0334373949258868	0.291019523218964	0.937318411835403	0.0647107387412049	-1
0.757571602826264	0.511932713331902	0.633009398818569	0.768144831575974	1
0.528326966703805	0.196497660171971	0.151572348359618	0.361828072765967	-1
0.267132852973905	0.811101990865268	0.555141987468385	0.307750071228249	-1
0.470194640793455	0.895295595855387	0.806851803926175	0.256635887953045	1
0.390019657479744	0.0929977889963141	0.0354988126644677	0.502137058556293	-1
0.695059650002438	0.395127767276961	0.827299258321073	0.171218011146642	-1
0.151109815204112	0.287313663210142	0.885030007594775	0.164032261038251	-1
0.367766481376822	0.8097477092915	0.796019964143252	0.885877156775756	1
0.36582640743055	0.662611818039068	0.123778325593587	0.849447483102701	1
0.795295350653593	0.367162878867049	0.521747905867823	0.353115844383872	-1
0.7096565897963	0.779578066299607	0.545235542179082	0.178953158231842	-1
0.459587816941369	0.600397679061018	0.513375493573317	0.793645279475221	1
0.148318359816404	0.897659489938931	0.993378095033048	0.510799497253338	1
0.0948134932219808	0.627377861391864	0.64878681069764	0.357860159512775	-1
0.836916562142239	0.962515400657239	0.205033198591959	0.291428910919613	-1
0.474001858606275	0.236651370864706	0.17990062123992	0.173189684861974	-1
0.210185281795578	0.243069752823331	0.569230306975552	0.0329527413061825	-1
0.837149607035318	0.549854506692242	0.574310086734908	0.58463639407649	1
0.0200499112311441	0.237677147441602	0.00663005811409434	0.311014989341196	-1
0.985030162518203	0.243393785364276	0.955140875011903	0.624441244207141	1
0.494986992875443	0.519061855408339	0.10100463973998	0.21478929284995	-1
0.611869046725818	0.977892429266575	0.118405797579168	0.174475780039025	-1
0.527632848591868	0.696948834481404	0.513735313887619	0.446139150754185	1
0.878746671206191	0.847687857802157	0.0889460635244568	0.564555972335008	1
0.195725224587694	0.111942648166419	0.730796094042258	0.194436754754285	-1
0.062597938987043	0.960518120468151	0.14186955032228	0.124286367663679	-1
0.832594992778599	0.687686757222579	0.360637881578352	0.828574852322525	1
0.354935852831179	0.836636773841349	0.838466804438536	0.511707254889906	1
0.680807762126324	0.963062216991219	0.526582680628106	0.393995127335465	1
0.529934139910328	0.176947266925566	0.903905797123127	0.478931615906113	1
0.886188065965104	0.70216137625026	0.378782823020824	0.88009564717364	1
0.253261715163067	0.691349461813957	0.708576773281191	0.103122690682405	-1
0.219341603832493	0.636998735797661	0.38849544743368	0.232168987616653	-1
0.261069618102457	0.101342479119381	0.705778843813572	0.410577049213664	-1
0.447923828820212	0.836397687466999	0.881367789394542	0.122061709361809	1
0.725285983960635	0.914218416778297	0.216624151277468	0.563034922494403	1
0.611905513584592	0.318022680115035	0.52744481553567	0.251711230730912	-1
0.709762503664553	0.791068814927243	0.12549073393151	0.556844737737798	-1
0.74563690040296	0.630344529818331	0.975746453451659	0.137103126974559	1
0.383746508725824	0.00586680831590058	0.984889824083435	0.0948504658114118	-1
0.917441122472443	0.647280404452005	0.614195829410118	0.798247301911495	1
0.70283293590855	0.637099076328056	0.221380144155003	0.999997488724738	1
0.435549273626496	0.611229902284151	0.292171193164545	0.959260151729758	1
0.272691655632389	0.738347690552317	0.615515483635416	0.292810789335526	-1
0.956218057437699	0.991963257189212	0.220347624235966	0.449111338536177	1
0.224965743771651	0.818632771156089	0.00823904364957784	0.992074188000252	1
0.96215806161084	0.484287012142318	0.419548289475568	0.668143652769778	1
0.343372886083774	0.30534581861356	0.798626238862763	0.519659397644993	1
0.1846008339507	0.0649757831066893	0.967001897221575	0.998723773137165	1
0.277320706282826	0.116024941490807	0.666234013362352	0.169008071084839	-1
0.601725707170178	0.68492836526724	0.24133081094099	0.0887653791479934	-1
0.372729621273653	0.434949763491161	0.151510039657236	0.418059076919967	-1
0.166675132304366	0.407857996063484	0.52091459774682	0.148780133828673	-1
0.248389639562294	0.541510355463956	0.084160482435518	0.219952302836496	-1
0.345145092996209	0.323428151974895	0.0998440996814161	0.146276116692412	-1
0.751060331358293	0.0695311005797663	0.36207032122115	0.78862934764026	1
0.875544985419371	0.360596818511823	0.551501428156552	0.0557373495437403	-1
0.333656011384523	0.390206963375292	0.252315538570112	0.811490525851603	1
0.903979161103937	0.206033735365111	0.891871594440868	0.128082120195621	-1
0.218240987910168	0.906036195870982	0.211001792946771	0.46755667118935	-1
0.92919254402246	0.919110076464548	0.200109507921038	0.107123287772048	-1
0.445321333058732	0.266294424820103	0.471674735677123	0.175026487010975	-1
0.911772129652821	0.394346839803475	0.617220621826956	0.95768366036463	1
0.975004858054664	0.456575532836638	0.328902506813233	0.356095862135483	-1
0.987478055373021	0.376733518339663	0.247947554523332	0.760936597498606	1
0.856257980984626	0.691763784659258	0.443478202683291	0.943041722055035	1
0.339935791476979	0.0413659787693206	0.101080260397051	0.816983543793917	-1
0.533779357739153	0.270712510398397	0.825442330153361	0.841597697791208	1
0.573714788363834	0.356053999061245	0.592912549249686	0.514358860310573	1
0.588714199353863	0.281231727950171	0.675451732740651	0.626679744216268	1
0.143343546737913	0.118484794276597	0.309904169208036	0.058326134258202	-1
0.170605228592482	0.697253518944336	0.97157888437	0.175613041345976	1
0.110927478641219	0.693414961883306	0.497780458299214	0.774912441891637	1
0.3854641275577	0.817642645475928	0.117219772302729	0.785925584169981	1
0.758156912834057	0.120087379768236	0.500366683830915	0.0644415509206553	-1
0.726785986095482	0.619680972073724	0.0320988946284722	0.898832728597945	1
0.0521254105394355	0.386046152650223	0.602899501217475	0.805866111262013	1
0.438087073258462	0.491855819858642	0.752930210210632	0.667701023599513	1
0.903554066594044	0.983433942345215	0.951113191476065	0.260193722116249	1
0.967808711331163	0.250855161849969	0.13046432844774	0.40569461261682	-1
0.777650686522836	0.662404374839241	0.771913442939631	0.96346442582368	1
0.591675243781925	0.0287860386574295	0.898131461641636	0.128629482121418	-1
0.585035495573042	0.908724971884766	0.0528976608542386	0.873679381321558	1
0.287100133759242	0.297147189323582	0.000716468413511251	0.206251616070709	-1
0.948902434736429	0.486409009713498	0.288963021876992	0.194313007830466	-1
0.26847469979133	0.383808317172239	0.0434635975486763	0.0770308216455007	-1
0.438863481711511	0.0358397931497905	0.677121401142085	0.942075298972902	1
0.180783576849667	0.0359292816308852	0.129602294132294	0.968562297308743	-1
0.268750628299561	0.206802768924319	0.196269132631055	0.16499380371696	-1
0.623516103077282	0.795939313137367	0.521692830433548	0.569674359141054	1
0.720222186719074	0.0130762098495723	0.955493337231029	0.614086954060731	1
0.324530595005815	0.198455292072467	0.427419759360614	0.505141796143526	-1
0.219816247104323	0.131023096810281	0.979036156371574	0.178229569535553	-1
0.00723698977695975	0.874351249921475	0.47883343462706	0.368406465835953	-1
0.455101920953613	0.287478388021924	0.186858541630794	0.291225431106234	-1
0.530596145383942	0.586667813367896	0.267985154270288	0.107745803978581	-1
0.779836817792873	0.586327427510412	0.57681556320129	0.950765879546374	1
0.32381690244863	0.942776874522409	0.252096796662666	0.632618984745527	1
0.4285470148202	0.608522807266098	0.517775512606601	0.950867455866906	1
0.48626482354992	0.0281933329901989	0.447851130655945	0.609459530177979	-1
0.177979338619014	0.489652317979804	0.597084293999611	0.549972230245309	1
0.65367761595127	0.904912122131947	0.885605659347629	0.801895997448362	1
0.0873288374172212	0.65854686115658	0.90510724667379	0.460031297342219	1
0.296913274158872	0.597826068434017	0.641607535652479	0.900417437582327	1
0.829716062611897	0.150547553443928	0.0280783182773199	0.513565741550046	-1
0.247266662168048	0.444633183665331	0.431146244166722	0.839327686822408	1
0.10487896946616	0.00320228147539581	0.717294281111631	0.443357015490356	-1
0.517215553133187	0.631329997268381	0.042094174926131	0.227783471125896	-1
0.320215030657995	0.820540701900782	0.415962693101047	0.599463040098946	1
0.887653280223223	0.438435471109784	0.837838031731348	0.114333301751351	-1
0.17368977724438	0.582184674249376	0.147963567190143	0.916021785148381	1
0.395237680570379	0.960033092042011	0.97971445555525	0.921594152247202	1
0.382273179286063	0.744192435553444	0.23830373635877	0.348476640847188	-1
0.280773860324874	0.496886183764417	0.3045788953258	0.786057568118572	1
0.340480282148594	0.00984086243509807	0.76141259589539	0.695804879343846	1
0.634867353081209	0.982787814936728	0.427972813975014	0.468094789250451	1
0.998475326995266	0.680776728859669	0.126123217069331	0.106119567463672	-1
0.31009205644165	0.601158242998082	0.109174630144661	0.271644527665337	-1
0.660331396487567	0.812444430258708	0.875128138842594	0.979054354506751	1
0.408175143982564	0.828004395644768	0.0364901084393345	0.218731105693486	-1
0.720420439208784	0.492424207225739	0.601894456761837	0.424629621435024	1
0.579541338826363	0.436291464487894	0.869468140671156	0.915837540276662	1
0.112276506508682	0.752834343356554	0.153292825386298	0.28097265507585	-1
0.0419347136978026	0.67699508020533	0.659108832764854	0.0118204438166529	-1
0.0932002876118254	0.16894326836011	0.124113630970921	0.721773658216101	-1
0.740583204898574	0.0614584379692928	0.284623685184197	0.421989555381892	-1
0.931945286152018	0.224212751261987	0.0372318817555275	0.11473109844524	-1
0.588602765261388	0.346412071580261	0.585201718585392	0.193925302512021	-1
0.915765523079319	0.946272298167045	0.600821905739704	0.455454819430166	1
0.466219603527325	0.163327146290385	0.749858661535466	0.94700134390812	1
0.913118156868212	0.300089827919479	0.458716408518281	0.939783990169524	1
0.85940809476762	0.0575612114589887	0.284520387474412	0.594914358885951	-1
0.152918307440718	0.267967572495351	0.342012228372052	0.840361651092415	1
0.826728097135149	0.747023553612337	0.0709720574096586	0.376349951659485	-1
0.261504336937652	0.761676992592882	0.0190435916636567	0.0336847621712693	-1
0.615550581909364	0.89805341724022	0.0456621896735321	0.257941074240144	-1
0.212983753353644	0.694155804123611	0.404715300179273	0.760179801876994	1
0.972501899100312	0.914391220282482	0.971170494634332	0.230057298029898	1
0.228512715551563	0.445416773807565	0.577883594556734	0.958643028304543	1
0.40096481337736	0.407974453758612	0.113968624751646	0.665377326686333	-1
0.946194930671954	0.645794504575562	0.999417750440696	0.306423576297014	1
0.232732257588257	0.47439151749353	0.639173302866521	0.0908612053378093	-1
0.37566854745312	0.669382993981756	0.923770776505474	0.91801662689641	1
0.401417563634144	0.631178306392684	0.186311604117133	0.435652743726855	-1
0.250082461477479	0.481493311329572	0.853332895986195	0.507272947949183	1
0.231982742966157	0.293743924219598	0.399688479370564	0.0606067333598972	-1
0.393046260859808	0.51618730171414	0.897536805858859	0.702220167194689	1
0.393754201469225	0.961563464328975	0.152766920561316	0.649549601241468	1
0.629270853393013	0.0734197876843581	0.0676290203099619	0.116530201664681	-1
0.403553085998713	0.866377359308501	0.828041480827192	0.348046205271011	1
0.584999628667038	0.320048301727709	0.86321691763629	0.727956329721955	1
0.71107527233551	0.694488363982458	0.292206174833165	0.37235953888041	-1
0.447962821176549	0.35494594528096	0.988146422215518	0.0916024545662921	-1
0.450413816825208	0.136848798730284	0.140988097173857	0.679454174990362	-1
0.386470552933009	0.955679532469858	0.67096056568823	0.924676170535797	1
0.399624506466981	0.443482242573197	0.378838409245258	0.188308341863724	-1
0.863392846596771	0.562691739280964	0.859134483991991	0.639416306031784	1
0.554492954717805	0.862885427982008	0.945742657476313	0.473463585933963	1
0.523157712644821	0.776652541368733	0.506477719388098	0.472174679395316	1
0.993169502777622	0.832407651859256	0.406732698310986	0.81365503918682	1
0.678531226589786	0.145621786200977	0.279540009121629	0.959170866563532	1
0.3850959986211	0.0522065796487823	0.679252817831451	0.971529371173325	1
0.67882632476584	0.300891307745829	0.271552054855416	0.643227841833884	-1
0.580656338541591	0.123230882025865	0.889352946413009	0.104871568232291	-1
0.602319859697122	0.563851554403342	0.731378079518574	0.0608354155644051	-1
0.207240468472921	0.258781706121056	0.319752181301379	0.765425745000393	-1
0.0929193548546472	0.689556545730824	0.941136142502966	0.0283092557879812	-1
0.655721020784956	0.449819277243122	0.699716682298881	0.288297938019888	-1
0.64068624730638	0.773680637468146	0.202621999878755	0.413183435898738	-1
0.282597823223217	0.72676016075674	0.184672918358611	0.484369948233272	-1
0.98422736787683	0.496082572306165	0.59814532183243	0.407758365471302	1
0.711860374044608	0.854479838871313	0.153806356081784	0.426070790086463	-1
0.870442974133173	0.995672374468029	0.022593208483368	0.0848731109210021	-1
0.00995226873139998	0.818414038901167	0.216835576809839	0.0473554554744666	-1
0.40854547427428	0.551176882694321	0.408886106822219	0.518459743586241	-1
0.35953573760813	0.516728666793369	0.354320040989972	0.429641241472588	-1
0.511898600055918	0.656789536963984	0.237782322024255	0.00275339434471533	-1
0.84760827193492	0.0934168510709981	0.983914722320332	0.828905339227965	1
0.921441006442041	0.619849392489684	0.638196843174594	0.780102659407838	1
0.364810320475019	0.707588626353811	0.273356478287365	0.105404660501598	-1
0.951807604595661	0.349523805391144	0.641892040792808	0.677690797058794	1
0.272642032733874	0.12019323529816	0.516478799497701	0.502042271190312	-1
0.336182013530067	0.784228996178044	0.554733581387804	0.226784039813502	-1
0.806559244793593	0.838540625794508	0.909566778368724	0.66261006109503	1
0.948688552916213	0.940081264778783	0.56885125914766	0.472719646073521	1
0.607706362660128	0.224684242251371	0.0322676697315067	0.905431709652497	-1
0.292749867947894	0.0205777321509117	0.0150013384531853	0.723464686481215	-1
0.966361752765966	0.0575424623795726	0.0485105953040907	0.549119463504262	-1
0.214548734365057	0.528855744277706	0.915884596535886	0.712669471257819	1
0.345087699500329	0.839368098857435	0.685170282453637	0.852201876480727	1
0.348635779435799	0.502082925659806	0.878269139138677	0.648044461438509	1
0.116022216373484	0.0947742762653121	0.833058107133635	0.65249140444768	1
0.816641884054494	0.0319263265892289	0.370168858357328	0.545606321967178	-1
0.910150140953096	0.176324925540527	0.676568433269178	0.157558819586619	-1
0.152532748439828	0.106200353726592	0.167438020586001	0.128685815110238	-1
0.485475691026114	0.262637717145779	0.81104078416848	0.576550104210746	1
0.0102957038203648	0.588388789725826	0.776624408540339	0.941610100308999	1
0.568145956124415	0.509213167638435	0.274364758380184	0.767255457923248	1
0.328540472179188	0.844048870048823	0.533494040734166	0.404067445225884	1
0.358328302929852	0.117889577843826	0.14776543413711	0.0210195294459865	-1
0.361102008823256	0.714079106423156	0.597106618800421	0.257356740562621	-1
0.678777485574319	0.779300023335665	0.924652319027043	0.89812104694672	1
0.596991375043078	0.98893410889599	0.056391165546966	0.0343882737285313	-1
0.936411064350455	0.412434180426729	0.546610214031201	0.847539083192991	1
0.613548400628364	0.273221220937302	0.0194916291378711	0.897216278937044	-1
0.165844548848629	0.376384333372911	0.862055673571003	0.197562254360797	-1
0.428720494035804	0.361581470993784	0.275778055703764	0.987486213826166	1
0.988897486260672	0.825679894808928	0.805795129881243	0.742086815057753	1
0.75379859029194	0.981303943412783	0.526529469107938	0.0256838647677782	-1
0.336748201819749	0.107483385875241	0.51804459884384	0.568235408343561	-1
0.620156600919518	0.678967712120155	0.855023235998541	0.505621777908736	1
0.311496273041374	0.241852712783697	0.906709600762053	0.836590289859778	1
0.709484813141859	0.942683789061775	0.306145802613369	0.488935363225629	1
0.357725513498085	0.513705756111563	0.962885240036183	0.609833959744584	1
0.283339481105816	0.975795022956973	0.546882341410647	0.573464406953001	1
0.139296989205551	0.745357498888922	0.299591257020733	0.151036329887013	-1
0.0773535519044977	0.910580953548489	0.37540160161873	0.104189647711358	-1
0.187975733567416	0.629995407734611	0.179467356021615	0.323045451208522	-1
0.0467857781356322	0.372046016987682	0.0469408772784696	0.356300128086836	-1
0.324370580301096	0.793671392666482	0.756927952543844	0.484560407997783	1
0.646422133011203	0.699682948058111	0.648577274418894	0.222160120490649	-1
0.360861186610155	0.749659222539094	0.816178927680351	0.540143459376829	1
0.582726256533977	0.417329787440636	0.0176667715068071	0.0677334886264518	-1
0.679194131368892	0.456877835561983	0.502319290032528	0.825842570476659	1
0.137268473756553	0.604715464723128	0.117677879810937	0.589062408393737	-1
0.764687785584758	0.0231825468516149	0.414820958053138	0.067759538400459	-1
0.227845738638553	0.66901549035795	0.360342022821268	0.695686434555391	1
0.674493464904234	0.204677717470162	0.961000188202217	0.737812980552526	1
0.347337669517589	0.640715852270304	0.0944880663641605	0.675426961997537	-1
0.719118186427782	0.743806011904212	0.0516644868065832	0.749109515411057	1
0.400226654709616	0.525309775320594	0.369623743553912	0.153751192909787	-1
0.344422164599511	0.261820933436553	0.0619391560135902	0.582750528322897	-1
0.24284281925431	0.430828564323903	0.126272031221358	0.650968783714028	-1
0.425777456321089	0.160934313829742	0.16526584696015	0.861803408069868	-1
0.824858274868124	0.942114600515396	0.798542523934781	0.654180757084482	1
0.235541339291405	0.71427883036516	0.604649748431338	0.134420534784873	-1
0.072324265436837	0.857449232019917	0.0876460422619338	0.339983199494078	-1
0.637427143032927	0.663059675344371	0.04553262906688	0.00978178195770596	-1
0.200599926149668	0.621164184783794	0.00499588223483372	0.531979356070003	-1
0.132668015381245	0.697180799348004	0.337180716812693	0.0972352711823063	-1
0.205293572722415	0.973335049623586	0.307141610051854	0.370180764661463	-1
0.860367152344725	0.715151800975107	0.65683549505189	0.00854046814122711	-1
0.587241135996354	0.258003788512127	0.55527397630841	0.227087469591261	-1
0.498306043048121	0.718836405971032	0.601186477348815	0.550065058416259	1
0.0649508547883535	0.815352769889273	0.217831361547876	0.538992124791868	-1
0.646621862930591	0.426387324834323	0.124124080154498	0.881680469844461	1
0.623509035940689	0.625771847490711	0.441850309031746	0.932245072588451	1
0.41447730621373	0.956181209605731	0.449343150114171	0.890921715247735	1
0.5404803288362	0.633339234647963	0.51469710761965	0.987284353207009	1
0.872228961155248	0.154293993042486	0.536563015117448	0.602266291864048	1
0.799843774144396	0.661588488512706	0.441137700149863	0.44514866258573	1
0.880233144103915	0.139033455880949	0.286575240731818	0.0439259363084474	-1
0.48176369906415	0.601035481158533	0.120273505210928	0.65435533856769	-1
0.560310920871405	0.418272430390758	0.433025586160053	0.628334096391988	1
0.299002343828594	0.595790797013279	0.322691052695017	0.580439518053034	-1
0.337026856436655	0.498802610923619	0.987781966362174	0.767551043626689	1
0.440038916737851	0.285684558575042	0.0402436460236508	0.756114670188744	-1
0.0433188464983694	0.251655504659837	0.181935539482591	0.141097612744652	-1
0.274467587485223	0.770682244865014	0.809203576436413	0.136928773174141	-1
0.0586491968912988	0.423313618255733	0.0759273512230401	0.761267617059467	-1
0.278004741042455	0.855971629570263	0.292093727233276	0.945454464760225	1
0.827729929381906	0.589961538595063	0.399988280301951	0.739758050998027	1
0.742443626869719	0.30895252832957	0.744327718361159	0.236465559020992	-1
0.394008104859058	0.540403128347563	0.730025341640864	0.449495253630879	1
0.450152350715914	0.313462607115468	0.988858054235362	0.0962163844748503	-1
0.774479767435356	0.542997619537758	0.804282716418523	0.596824269529229	1
0.51321896877494	0.041924066165592	0.175352050186472	0.100854461134254	-1
0.101033925474741	0.202943950827134	0.642551190633267	0.571767705776743	-1
0.00410525646353577	0.282697576416467	0.909985625423399	0.902161096561692	1
0.458410798061994	0.648469256712829	0.142394996314348	0.327849446464249	-1
0.837678536586342	0.357781407892872	0.307765362903137	0.583228543510138	-1
0.259991367929747	0.597953979345945	0.995810362022805	0.958017648495478	1
0.603748764153782	0.145095252005888	0.141359548997894	0.732346424226115	-1
0.820018094358648	0.454752636172614	0.0949253917825068	0.0794905050319628	-1
0.694745877618406	0.87993980221276	0.538739218350212	0.0202841889934646	-1
0.504479452066295	0.952445839100946	0.0767962040819974	0.117887325405228	-1
0.124930238795319	0.551824719991714	0.616500541806698	0.434320438995975	-1
0.472773774600558	0.0304857233969784	0.29504957508777	0.589796542824381	-1
0.89553679623231	0.135709175584822	0.0265602078209888	0.22178400607698	-1
0.558400693252924	0.558673507012756	0.300067642709589	0.522971323707246	-1
0.62451141929532	0.600800715462071	0.640985760216591	0.026535744474053	-1
0.27931127500749	0.248634463549664	0.859605540658489	0.224632514963155	-1
0.43000566273486	0.625409770959749	0.503043167700195	0.663734052106925	1
0.317180775541221	0.591432154560138	0.658178144138073	0.710897728055521	1
0.733554033999017	0.21295868504626	0.732114213016114	0.471391201496751	1
0.059750735791102	0.942690329390885	0.0762474213097413	0.244144421172329	-1
0.731865648058662	0.952095696668522	0.285956602132455	0.201641622894847	-1
0.961519963103814	0.940067463270722	0.869187197172462	0.590153903332656	1
0.775419967010496	0.492965884632042	0.355850006349652	0.97030734469903	1
0.545446750483553	0.28265546684618	0.141197448997726	0.803172246757349	-1
0.787564134223548	0.922042635467818	0.698491562721994	0.870259858735672	1
0.841957499953612	0.527850662867976	0.740785564960301	0.574563156331998	1
0.159567225294754	0.109524762239175	0.393074670682761	0.472241740485607	-1
0.941439728547369	0.968471688231503	0.0921273101054076	0.439516907490308	-1
0.265094550579253	0.776155963741672	0.352805235263599	0.586225416832015	1
0.851822956560998	0.980424876049199	0.417179819798758	0.337050536408391	1
0.710892121266557	0.0885495631345776	0.33070014525941	0.0539674484014583	-1
0.0884258858293414	0.962455530859387	0.00467048350482102	0.819995460124751	1
0.421806813052019	0.64263368207115	0.251967566438079	0.936479954660932	1
0.971914767927192	0.797499597591468	0.115031391826545	0.345102451950176	-1
0.444790760918966	0.74105385695249	0.379304443678162	0.63599474647696	1
0.133331125836381	0.109793348689692	0.936262599939436	0.55349021252983	1
0.939578409938481	0.0864241626134543	0.405434137503473	0.821841082957597	1
0.819041595365864	0.176643850085441	0.433336722299696	0.494551460714582	-1
0.930196563229902	0.76560156708554	0.766511082051291	0.239017967262889	1
0.970395867208371	0.112960441271156	0.0741145136321499	0.0898473305813425	-1
0.876265373931151	0.46804913193921	0.282445699246789	0.27767441402225	-1
0.78032284310699	0.183028806787334	0.18578475795027	0.959150025375486	1
0.830988356666413	0.489339104638844	0.299271705074556	0.531694341480836	-1
0.651876956468431	0.0578855025154752	0.114968863927995	0.391043700941758	-1
0.594504758767105	0.511812075404293	0.879617250312986	0.377679855913279	1
0.239723493656289	0.190882786671139	0.321981067770306	0.921328298917665	1
0.221972206193644	0.417256826807233	0.656678078072343	0.994345397552884	1
0.607136495867127	0.793686986486122	0.420849654414578	0.566241966259518	1
0.00691214689723907	0.874072790386663	0.0637824119128645	0.977394279555917	1
0.0278722784796521	0.812295143872475	0.990160479203492	0.526736847801764	1
0.864943033965407	0.116198117909363	0.420824038663749	0.870328597106898	1
0.267835143649695	0.722942781049412	0.649681033522622	0.970174481965067	1
0.474415249795332	0.348839243414034	0.163835230414502	0.121232075061506	-1
0.334414487253344	0.545892868867966	0.481250448243198	0.465426385978553	-1
0.885770281060676	0.479030500492257	0.224688031069274	0.711650121705198	1
0.317913466193847	0.998279093536539	0.873677866610674	0.997679879444341	1
0.113204466737475	0.760653921759399	0.252482745354808	0.821855418705674	1
0.329372204587902	0.614403079950435	0.259086930719715	0.248038257572482	-1
0.825221329846972	0.350361792328542	0.752089438216242	0.613043487914432	1
0.704947308935377	0.353259032720814	0.867685304686102	0.85293035355577	1
0.801584442169247	0.659607895360253	0.403366538367148	0.260538666923189	-1
0.131478042793109	0.223458755224527	0.398877494032956	0.694715827000614	-1
0.439680933457868	0.277022421565775	0.635681149138318	0.370826535168213	-1
0.140511124450914	0.299416488057432	0.533718462053951	0.419385311504563	-1
0.788663384181053	0.981305653072937	0.443040589421567	0.595869412533254	1
0.105240365446722	0.92906188938403	0.764807265928265	0.404680452187002	1
0.983356579189735	0.41896868851363	0.102673733051144	0.68431497722522	-1
0.697975373891925	0.117038923581788	0.663887706106248	0.146578326710177	-1
0.311747996008354	0.667934728242997	0.474682303750395	0.166421374922201	-1
0.398342587348342	0.0376217407291222	0.675100943430163	0.867610280776098	1
0.170712431614408	0.594735673584509	0.445671242649237	0.97049420688878	1
0.705714706889271	0.0267880039083366	0.676927271833545	0.079779190442288	-1
0.57833624622241	0.216516198304035	0.710358392513054	0.851237008386754	1
0.066519167110247	0.32374385377662	0.696758697009795	0.436090043834504	-1
0.447339515087851	0.217534013016049	0.879109055323649	0.550455891209388	1
0.39133408935513	0.536296262358235	0.409114283940635	0.635372797334561	1
0.266477191846821	0.489571605725089	0.849536292352862	0.681848086667337	1
0.307187977923153	0.789820090511029	0.951830548675058	0.106990523821374	1
0.185433199406891	0.0666513042055925	0.486753148369498	0.434143187854339	-1
0.967237231522549	0.786168726020378	0.154129482249385	0.695189933043345	1
0.32300335473639	0.546728741773705	0.486287107139059	0.587265406700233	1
0.724302423747208	0.63606298370091	0.178781893724729	0.368340590383603	-1
0.403290394248234	0.618274987832436	0.479213816126784	0.335753521199585	-1
0.841964317219325	0.227798798808266	0.358433760019818	0.508734950457047	-1
0.994191908882573	0.532908927847174	0.177981622240136	0.776814652431959	1
0.389597031204662	0.174007092635634	0.684025898980433	0.531174204445144	-1
0.273208060666651	0.0595046046286285	0.329941071931554	0.0261162878366505	-1
0.469859218504045	0.0961946349622451	0.903899573071225	0.608262720024534	1
0.711698607685339	0.648492026090182	0.804587207480633	0.471511840797369	1
0.433461894083255	0.990102136342045	0.881110349694818	0.829118635179988	1
0.857572455279229	0.731532652111085	0.129189382657326	0.801033588737305	1
0.300828069709272	0.25587734754501	0.884232146445253	0.939731638612734	1
0.385063643908172	0.0744549769358258	0.579298919057774	0.26371976743561	-1
0.902496888939059	0.98978141298312	0.201876976219449	0.427894849976134	1
0.727352071206713	0.308215357240002	0.550473383839059	0.367721366576795	-1
0.46182379024555	0.626299009841915	0.476129677985409	0.434225605445825	-1
0.617620989247047	0.986791556565819	0.914006795493517	0.854098050361152	1
0.55347889554648	0.291766774870723	0.538253346097786	0.859422853702462	1
0.516753633901661	0.590986083284719	0.308341483551441	0.374822929905186	-1
0.447684128685484	0.970348610109667	0.909753786615251	0.630485053454287	1
0.954443422644349	0.189887806731917	0.755163217063608	0.911479537733932	1
0.272670712500588	0.682258556401976	0.226952074578431	0.258962274153411	-1
0.90608204071231	0.480168239778237	0.00326822437530083	0.602407832078718	-1
0.713151964120033	0.506475015572889	0.031468915482062	0.252386755174506	-1
0.648561141444222	0.815916946863751	0.421488336662588	0.0832965574540268	-1
0.820154745105516	0.907200849185941	0.644301992337372	0.318501262558179	1
0.847676164607041	0.297608844183259	0.930293091448345	0.51890625971641	1
0.679115206267017	0.596473870421491	0.67900170984225	0.151053996180131	-1
0.960897719919931	0.845434393444293	0.82502682390513	0.715535651163442	1
0.374675326840421	0.351793346955702	0.127875196939794	0.20435227159215	-1
0.416744504850517	0.743514150822691	0.923989153122104	0.324054355854194	1
0.748838207878382	0.031879045999915	0.85347938295045	0.23604765039503	-1
0.544276109689964	0.150988886003077	0.102453413587508	0.577674584618016	-1
0.436165645203463	0.701631836942028	0.60143642264644	0.214191237271798	-1
0.67174156707161	0.765658093541887	0.932086404945917	0.0532449077365627	1
0.646957222811611	0.603941732028829	0.573494598821906	0.212821431634985	-1
0.154542550728014	0.694961188299104	0.00604149555885769	0.0315788762811664	-1
0.236441089016299	0.576832004330896	0.454072975473604	0.8732261032875	1
0.210634514358862	0.162660550495886	0.840092541187257	0.425052103862321	-1
0.607116186530082	0.811456968780874	0.589804565153582	0.155529059450295	-1
0.340567686513555	0.674276154439625	0.719385247076783	0.348387818892938	1
0.238632209902111	0.18309876376108	0.557122899947341	0.132612975718253	-1
0.88319872740006	0.00919656596236962	0.107502563551488	0.781965038006398	-1
0.784568862577235	0.154949510193546	0.516482093968119	0.257073371022422	-1
0.949657276135657	0.840522216775767	0.10481310925638	0.141644721957498	-1
0.889284429455206	0.597173426445622	0.612016928689538	0.484148337834448	1
0.0708564444252922	0.0839919289842896	0.142350757485797	0.51654425208725	-1
0.25864300539256	0.777522205189214	0.179998203164413	0.0233123139100186	-1
0.324062716012921	0.347872199292254	0.549671004334424	0.253401672202308	-1
0.988332257950749	0.299783433198499	0.00853984684291831	0.610080935959978	-1
0.824273444452306	0.199529483899028	0.12257901196487	0.934989854281277	1
0.0722225212765473	0.631627574692303	0.194150231979958	0.837889296376936	1
0.22717715390235	0.785269677080038	0.506770472450921	0.822657179060464	1
0.639858074355079	0.379953647400654	0.121197600019993	0.475126969907727	-1
0.598685633700459	0.245328522116949	0.278489653573143	0.72540900389405	-1
0.71515932974005	0.741487730684369	0.840743027686297	0.99766215234245	1
0.942288566210213	0.0782012175922944	0.782112612863454	0.625808437948258	1
0.313188262335263	0.715848857993009	0.387908129703501	0.0969450609832947	-1
0.921481282415616	0.423704666811545	0.837615856290807	0.728371052026866	1
0.781623806743017	0.26495070186435	0.251308992294067	0.172998458221279	-1
0.838697530027563	0.070222809805756	0.0339033419786112	0.455874665606196	-1
0.454726764195033	0.666084022168477	0.627033144089321	0.986642222049021	1
0.421436951368126	0.820687039867892	0.196035041844521	0.474669416157703	-1
0.754956572581523	0.150751410799629	0.664831683595647	0.841587949837667	1
0.861784780798306	0.962195269075977	0.142720586553207	0.91698737833628	1
0.851035105594026	0.547302428518933	0.645643994856496	0.894578644206113	1
0.857279083954868	0.975774769756185	0.0350118316727439	0.586415063112419	1
0.861135479497637	0.0526437921511302	0.917267795450808	0.450537592310631	1
0.109088673561875	0.295645481338994	0.457948495425239	0.0821061894263337	-1
0.376006658548267	0.446775832838441	0.458932573468498	0.389729612383029	-1
0.847722649082559	0.88144203456153	0.873981330922316	0.457976183442192	1
0.76922746257053	0.0336330085546734	0.145729782603606	0.195226903845473	-1
0.477000319977154	0.602204307469236	0.240317608276097	0.245033922980561	-1
0.360416392711915	0.342682816582723	0.140298477005754	0.401510799830099	-1
0.00210650388884304	0.157964014158566	0.351860380030526	0.668829783431526	-1
0.0538576511276609	0.379277397793686	0.257582231424021	0.0831372941563657	-1
0.072127364940247	0.754721617984885	0.571643693529406	0.102973191520412	-1
0.214037792905376	0.715807133610781	0.0990233250130181	0.745115111166605	-1
0.170718960004297	0.318522715817451	0.718930266819878	0.886409092446165	1
0.185219656107964	0.302105166762288	0.740366270648803	0.79717940580742	1
0.0452351971338949	0.397713685827384	0.613406056976341	0.764273886456941	1
0.283933433850311	0.359478451554992	0.191057653096475	0.435144167374666	-1
0.395177502666559	0.897305981942409	0.82719012458244	0.437490240165054	1
0.387102046391366	0.832368177774612	0.15520877104775	0.0446703115329754	-1
0.246431792364337	0.560854205870257	0.463862721585453	0.45532902888592	-1
0.979395273071166	0.253426103970185	0.66785724929785	0.317193883183258	-1
0.525964922839353	0.106616749007301	0.162008340393353	0.771020023178657	-1
0.532955595978823	0.633494188162757	0.501840413922888	0.733141895133436	1
0.316869539280635	0.18526584993559	0.227234905855166	0.726555118416478	-1
0.276044827617088	0.149711392931522	0.0485580183483698	0.0540678826505214	-1
0.0285290479978251	0.108640475711368	0.559325604265265	0.866616968714986	1
0.990168407329126	0.45282310433052	0.0917222206994204	0.989753316472168	1
0.377807254797421	0.862511997648241	0.960125156032202	0.646604949046512	1
0.464492063753116	0.743870166589033	0.265263025323389	0.261985079355817	-1
0.644550022707154	0.261059194798079	0.482957651152727	0.796019431868608	1
0.138319115064139	0.226725680832814	0.715818379131601	0.826004427094823	1
0.212588395312228	0.667032608291152	0.567283103857715	0.509817690620913	1
0.193161202482418	0.0863594125302285	0.278277397487837	0.928637696735898	-1
0.899841943492394	0.647255126907254	0.75204978500285	0.647365332147395	1
0.293347824715529	0.463010500566881	0.355977895487992	0.305596518039486	-1
0.73540673282864	0.189041560864496	0.517967796392195	0.129425443137428	-1
0.125404910929706	0.812490105821283	0.796807722247134	0.785116331456543	1
0.344245869821183	0.365219129922224	0.639213519699648	0.674022568969299	1
0.450383274403368	0.904769766890453	0.149267760838111	0.438698572262489	-1
0.123729833452362	0.167725636049909	0.416157876451546	0.0284922200005227	-1
0.695204310168481	0.58252706702298	0.0362561425497425	0.792813047161296	1
0.316067473273566	0.881943113300878	0.141476229693307	0.256157785067678	-1
0.0730479366094592	0.942620111171706	0.426432607934569	0.145879279700601	-1
0.131828201644996	0.0294833590947405	0.724290702953436	0.947271399148839	1
0.860132634535194	0.680999846369176	0.690522633786767	0.447100310825981	1
0.737940389893883	0.64776641136163	0.143395941895516	0.983155532766723	1
0.179870249739867	0.717545821128951	0.811366257690874	0.171261503402512	-1
0.975308790656786	0.816334598501385	0.335189656548817	0.850646133210695	1
0.275261037568146	0.374537542075942	0.754211844281937	0.632395962031744	1
0.129201621171607	0.762696351610799	0.712749594508136	0.403352210155738	1
0.786527240500408	0.320950148508857	0.797700349857703	0.219257241992203	-1
0.93981575478492	0.584595530932063	0.759568907993508	0.396910820756524	1
0.993366302273603	0.214489688097913	0.576180954483501	0.10682908363156	-1
0.310936280440277	0.610953580975519	0.0447821901604009	0.0873304717947079	-1
0.329837634553389	0.474259839420924	0.690444243230413	0.10064097103858	-1
0.85136450241308	0.69033339126986	0.566284768551025	0.674680018957567	1
0.734779664673159	0.899178489540887	0.00665443068737304	0.404447376322985	-1
0.46679626505767	0.243625302192896	0.54396815607738	0.398794205826114	-1
0.561786705455592	0.910739137328207	0.18220743538782	0.26686761333135	-1
0.709090299832244	0.746757257836009	0.657364872426665	0.649331047650811	1
0.840158000632346	0.0434386557306681	0.532436923291524	0.65887228712716	1
0.485374104367228	0.419582670355425	0.250316161279681	0.539430327493001	-1
0.651864111877519	0.932169508694287	0.0835357519622129	0.361541388063152	-1
0.0311926758427354	0.288701122763428	0.209846441232838	0.0103865348101877	-1
0.269458625970504	0.453101080938168	0.544755559581628	0.102308141774067	-1
0.759913233440731	0.464818599612641	0.0672486408144088	0.684163639063293	-1
0.485995973103872	0.863051341286493	0.976892555440624	0.667941788917936	1
0.714856877137525	0.429355497526501	0.366454880485644	0.361243153424006	-1
0.260398959851887	0.752076622760754	0.134262881047956	0.24381153099403	-1
0.871135942602226	0.36036223002904	0.498087277017373	0.273211006160359	-1
0.4003524328153	0.374983865135377	0.813816223497351	0.58151294106559	1
0.460933624466779	0.0444038036271195	0.00715395813271513	0.942652799778649	-1
0.509682301458032	0.459696228159842	0.0577316752335229	0.980727200715471	1
0.828970252733203	0.718926304598227	0.848175687806542	0.777341100499832	1
0.83831196115138	0.903879546150435	0.724785146857723	0.486222587062819	1
0.0641584195836664	0.268719798436962	0.183598815112287	0.331362463148515	-1
0.990270969941367	0.865963657154751	0.770972952113478	0.147196696168912	1
0.798956966359018	0.560443706413338	0.0996705720067546	0.502745959032673	-1
0.668863645054859	0.63266920239208	0.561321496693122	0.663696951660278	1
0.119691652971401	0.340782286196031	0.0485230579435374	0.805319036892207	-1
0.76798805766008	0.302377054172794	0.672508315005754	0.253646009897231	-1
0.489118144516571	0.0466494059936906	0.916032561705673	0.251930609494487	-1
0.946760762351548	0.0799633641674404	0.362091183348166	0.316845320954975	-1
0.430729046694228	0.655975617055631	0.952527976012956	0.421158483672166	1
0.62306825940323	0.5848640687677	0.483248031640994	0.907027012361091	1
0.780185691973575	0.531846453948447	0.907247584903228	0.265193465777408	1
0.993564538643103	0.224267613721864	0.691665665995512	0.764639214317064	1
0.175149272807008	0.961135572712038	0.144813115618899	0.251938569210331	-1
0.624958520748709	0.789158161430848	0.795203185624498	0.0140296077944626	-1
0.530568902685648	0.566730367937737	0.396093391725213	0.509882107610373	-1
0.393015347703841	0.258695996485883	0.104121689076063	0.728677213435894	-1
0.293370890317991	0.412894686147041	0.0375111799637686	0.599721447490147	-1
0.428214538210984	0.852483480470354	0.889734514570559	0.535289225177813	1
0.933781207031291	0.79429786403297	0.0696653716751108	0.130011571048492	-1
0.0859372413210089	0.801281155688372	0.185015003999137	0.041608971692888	-1
0.321344239737773	0.269349302758812	0.17438405855253	0.0585412095108708	-1
0.00157450965966532	0.784849517040527	0.480747271656337	0.174446508096175	-1
0.301204338379126	0.613214021050638	0.34904815607791	0.910507873132069	1
0.697141234769564	0.29329645435493	0.756344917559897	0.384085330935882	1
0.477413354069842	0.563771969723561	0.677424380463517	0.420831558407677	1
0.00274913502220286	0.439704885516235	0.127358588532612	0.854551123068966	-1
0.348407840741007	0.213939439833013	0.446214145535759	0.0904148529482498	-1
0.759802931035797	0.922587223221669	0.586208742282817	0.966658414701122	1
0.248334683942151	0.859893867294488	0.648069854826058	0.943201029186447	1
0.351779207960181	0.714328993640791	0.779850451879664	0.774761417000654	1
0.270267547772963	0.978481172896721	0.184292609445958	0.793033094463972	1
0.910240538146315	0.7177061030619	0.350310028720937	0.359938962500074	-1
0.424030897175076	0.108840348753006	0.0998134124335301	0.139355792428297	-1
0.356913045402383	0.544940352469112	0.00477529271244848	0.919938623087994	1
0.701041245981006	0.265035145984626	0.63042043604521	0.193205998021206	-1
0.292800695469641	0.097767817182941	0.44267969039586	0.338908452152758	-1
0.690981967562127	0.458646887497423	0.0786293985811248	0.274558767025987	-1
0.130239535533907	0.682160890136132	0.71775059306918	0.609142314677733	1
0.378017785957585	0.837579171932674	0.162802422960919	0.414363365167851	-1
0.432155798788319	0.621845834487871	0.798357956540567	0.542857604116385	1
0.407473019749805	0.761173345745419	0.152167964940684	0.224776356845702	-1
0.677674602562991	0.616984253779506	0.35219483665605	0.345813207375265	-1
0.1969054634522	0.679585182863349	0.316214711361635	0.125512896073367	-1
0.834358781037185	0.157863450334887	0.200266567241808	0.789614641733031	-1
0.754765603674716	0.514474773879385	0.0890026613211425	0.569901424708441	-1
0.184740206049629	0.148167205108464	0.460360719601621	0.915842350023631	1
0.965338679832829	0.348413189231081	0.87725491565676	0.00114104554683792	-1
0.828438762022603	0.518375074684272	0.13161527521012	0.432678202911767	-1
0.400424911665628	0.622011043319958	0.625664012633859	0.887424900361204	1
0.161046953515427	0.017064863628903	0.759497755742469	0.223494319588774	-1
0.426221028328602	0.71062564902391	0.0936669602275053	0.33400694546129	-1
0.417090936422955	0.556369492901624	0.864453367081094	0.676907380717033	1
0.488124046326764	0.706605014555805	0.295013427889199	0.450953579854435	-1
0.0567615763347256	0.457566047524736	0.0176755264400832	0.869090669951042	-1
0.976686056053726	0.468378497121392	0.704771873189099	0.867235643584259	1
0.374741950070376	0.693751349217322	0.803897454247899	0.981675142863274	1
0.00470658920236033	0.514305490329662	0.647988691224366	0.524980366325714	1
0.214340518906955	0.758784962195492	0.423798824929005	0.722359884602945	1
0.758456951812665	0.137045084808761	0.750035787184242	0.162116908814603	-1
0.0812720145137469	0.105157102842256	0.35756678322505	0.930391380115815	1
0.825288720222463	0.193311203980613	0.450752284962487	0.697313202189697	1
0.268810891110252	0.18816548645016	0.336345945196225	0.995360083253154	1
0.0453864096865608	0.384229279447339	0.362806397207816	0.0680158528255745	-1
0.829675009862928	0.0297617067397908	0.849757315543425	0.195301833597988	-1
0.987182137929981	0.483112092942633	0.689273794702938	0.940568942734309	1
0.359880034036326	0.87265430635729	0.555361365391828	0.568880732336758	1
0.103957918400912	0.890323974301197	0.00624912546284051	0.110801618114131	-1
0.595937825914252	0.933732259053997	0.249885827176538	0.476469151004515	1
0.993419030488983	0.0990041073993666	0.463377646442932	0.344138421123183	-1
0.769154949006566	0.485599146751341	0.512234075770888	0.57622960943177	1
0.952529726474499	0.140771258520061	0.858514243247679	0.866200382456505	1
0.509420191557258	0.495984877194118	0.734735277498057	0.543842321721137	1
0.845752839869409	0.837028350395272	0.0217928011666082	0.498311271581876	-1
0.695102733149557	0.810180497278481	0.304166199874498	0.634478929770019	1
0.512016242462682	0.639901044575296	0.354032697770574	0.761320740850486	1
0.564268622442089	0.255228975302373	0.0836980288478166	0.439990543325202	-1
0.33358401857895	0.7149680547994	0.491249367994723	0.273903277525442	-1
0.355393555103209	0.64846057207123	0.73890640861897	0.982865037381153	1
0.375326596282353	0.754171562944862	0.588406896028044	0.447332007553634	1
0.463588424054809	0.575453216696488	0.730521465789135	0.179036413830765	-1
0.386994018940133	0.0291225311649725	0.144620739701235	0.972110929699859	-1
0.0474895507463948	0.131841179788964	0.682644900314951	0.871539719841415	1
0.650382891351772	0.695569107877816	0.772535576700403	0.964833320305537	1
0.42420700432324	0.9288887341731	0.758466053268815	0.479385174937583	1
0.285398329466492	0.569908900206173	0.141782970298106	0.13360604830013	-1
0.617850558501534	0.680959682335228	0.433615374393039	0.254457479413155	-1
0.36470598638849	0.740480984323767	0.0893728767687598	0.510160378378465	-1
0.0733692119394966	0.520416916457194	0.249554658935946	0.109574747104823	-1
0.977679163745112	0.485905902985252	0.476245441586524	0.513445388406815	1
0.304588055617518	0.661579805625294	0.269328615730867	0.752425417213452	1
0.745827742207869	0.40445566946488	0.24287083792056	0.408188465991579	-1
0.0052778626914467	0.651947551361971	0.515521826205312	0.883310746264605	1
0.915593940931902	0.585294842357001	0.147448172818269	0.349859651788684	-1
0.286740066834643	0.389674107183382	0.571726025960938	0.453305429036355	-1
0.206157728179537	0.794035298191488	0.604824798967154	0.575640659631837	1
0.335272607584432	0.243506820385974	0.16651795306495	0.988237959782502	1
0.0479025178935366	0.0678988913172418	0.635077682425912	0.200413466057746	-1
0.319014933708576	0.549877516765193	0.352893319693546	0.0239314075793331	-1
0.711449599485693	0.819883753006877	0.177768789215389	0.507447424306442	-1
0.816053268107385	0.481561311469434	0.846297776268042	0.769434342124036	1
0.0976775606063747	0.536681544235734	0.931206766160027	0.585377920374818	1
0.384300050267104	0.783294991692387	0.190841049724295	0.217510708812902	-1
0.635900775160653	0.421694539088321	0.435617503870429	0.656233651201525	1
0.14854428478019	0.151973379406869	0.685975750056055	0.0554465144274374	-1
0.820388841336641	0.882352978245336	0.334946482257646	0.463683667561334	1
0.441202336948113	0.1025186448433	0.424867651772868	0.894270247256507	1
0.404666666911655	0.590034694504368	0.624086111469847	0.646339386747094	1
0.600681528982296	0.00524410391592767	0.370879569413145	0.530773017982646	-1
0.168542711601848	0.95124057478742	0.216641593641963	0.10786084261742	-1
0.00490170281883096	0.606510595299923	0.130036258753048	0.184253470160648	-1
0.474570708720908	0.220280985588374	0.352919143348952	0.0137805030882205	-1
0.297402728062583	0.751700095362494	0.96503308785179	0.908701571616568	1
0.538658000913475	0.156579851313523	0.208640717153298	0.194372047646205	-1
0.549598746076317	0.218007791651118	0.640296534573988	0.67117446059526	1
0.45379143722889	0.0838046374682904	0.561959715137373	0.413555559962482	-1
0.795122753730471	0.53428039814203	0.887799879729695	0.908406582984576	1
0.526359591300892	0.443382053143267	0.529672429811296	0.175744653184388	-1
0.970837942829196	0.416105057952095	0.639782777472728	0.726235419444343	1
0.411307872898906	0.451560849752696	0.193090330286889	0.485705107983655	-1
0.803975023728288	0.976579741717174	0.687218697097929	0.290213163768264	1
0.865370917616534	0.267034655478511	0.39985858210839	0.250908665939058	-1
0.595987574160649	0.186672612340132	0.0918195428779676	0.370813776306839	-1
0.676884451962881	0.155239347373083	0.150076515630513	0.821529683331654	-1
0.17110026678488	0.153804389311588	0.504562071080326	0.452933898779456	-1
0.476186643622331	0.495791025573766	0.753396068334506	0.500146412930754	1
0.481157641472652	0.663264308306552	0.525166035805082	0.296925179303763	-1
0.488263900850473	0.0842968342600585	0.374649307784122	0.347184618970452	-1
0.800206763857378	0.397305495062852	0.705938303933021	0.00106029204278713	-1
0.982837020111464	0.181172848624939	0.447030522782395	0.924368613791579	1
0.645139311187084	0.661875276109811	0.146724458711542	0.685374796541886	1
0.937083274612792	0.589285594014839	0.756445128741856	0.708585428350538	1
0.845113381286868	0.119370092441812	0.483707659887965	0.991964838976806	1
0.842531101274364	0.717288221935618	0.902386013308696	0.623459899981832	1
0.144316641103988	0.0612192334717747	0.863189755490378	0.828604966491618	1
0.235146022294419	0.618516351808253	0.938475205884512	0.864753234808738	1
0.617271410732261	0.325009185708069	0.771370104142488	0.399109360614609	1
0.27268117219764	0.938415611986372	0.449118460842012	0.482259819467025	1
0.890798933288554	0.236986876439289	0.00662479588309495	0.661976257166806	-1
0.796300781731407	0.389420695971538	0.213589841045913	0.619992034842817	-1
0.866934458082714	0.892088285155836	0.685703300048555	0.294137384786218	1
0.782146784625827	0.330709029529416	0.0685387333196239	0.247203120652749	-1
0.468401525733146	0.937478706909943	0.967607039998367	0.971587202194534	1
0.322037125287753	0.837593256327779	0.832089411847914	0.0981891764441869	-1
0.729532361562196	0.132876916874622	0.780789603209339	0.316034653096061	-1
0.259603064733572	0.81574016644521	0.153545609778785	0.44924100824452	-1
0.461786756723473	0.925431641734079	0.0763662310195592	0.661610030391152	1
0.836354991131206	0.876736193122923	0.150863867184295	0.599053570244173	1
0.842639292300493	0.0458159750989893	0.984679007092009	0.911958880750113	1
0.331774814663039	0.809000966547515	0.2557238779907	0.818138779193184	1
0.127813517786368	0.277044201060818	0.510551326646873	0.0977753695317531	-1
0.192324765737926	0.941329463912368	0.791470824775299	0.817909024115032	1
0.907767039833264	0.415252543987265	0.928696589553834	0.645503095855737	1
0.128456548252917	0.706769986390626	0.259022238025917	0.189802474948401	-1
0.0327271331524379	0.917587340701942	0.255020110344969	0.251124561735487	-1
0.359048591969401	0.0425862241794306	0.87216442793871	0.299842081295047	-1
0.127915060342534	0.0742595728544302	0.441918647997834	0.395936625019068	-1
0.0770665994194708	0.571884322840688	0.0665625136328991	0.727553714852085	-1
0.451749738972186	0.713501981224368	0.161586331514012	0.426333600166238	-1
0.780389262163016	0.298976673097897	0.587794248309844	0.09796597796187	-1
0.443491790509231	0.668558851154273	0.714905056275693	0.769085436701893	1
0.402214551080466	0.513227489268232	0.461613649404793	0.517576725113535	-1
0.413317894730884	0.815965814156669	0.517098987152746	0.634509002222735	1
0.517810496716795	0.928022022033005	0.422280615371928	0.614805096224323	1
0.978249521880489	0.0677185426486631	0.285305756250903	0.83353955003529	1
0.159257188192431	0.363727813749634	0.637488023243346	0.319236923028818	-1
0.93036792733648	0.247780777267081	0.269037255691682	0.359123514003393	-1
0.930959531696676	0.346992967008234	0.98736311360258	0.679010432404219	1
0.713005106059175	0.612483688717305	0.736573238314673	0.938017835683276	1
0.186093122079274	0.843452959635968	0.730215282113303	0.211978232959773	-1
0.576108216581023	0.884720138608913	0.45865125169281	0.845995091324376	1
0.997778393555752	0.966894101852276	0.11914770924383	0.513820633718488	1
0.783732796805939	0.0634389662312742	0.115386743351262	0.897617748813992	-1
0.538661028042146	0.915148293778103	0.421345572328047	0.105074406219266	-1
0.95462790638334	0.942795990722203	0.393177487580555	0.671158947143915	1
0.268709412134758	0.571470304002261	0.835798896603389	0.78908016386756	1
0.731134142922517	0.229419980582804	0.0354167967345624	0.709911253477152	-1
0.0234227462505494	0.179875352408047	0.00541341436649745	0.114140594862697	-1
0.492123291812963	0.381603404991637	0.264160292403982	0.653038915392877	-1
0.693276221943808	0.253891342963229	0.175908113887171	0.885720847529988	1
0.752466181916279	0.810829343871319	0.799461324355928	0.992293188387727	1
0.690112495914708	0.410406654676549	0.566593472221253	0.0583114293857463	-1
0.2245231318953	0.883897496160699	0.168910437630256	0.425324381211574	-1
0.807321501725387	0.133770961423849	0.187069678563059	0.751613043763335	-1
0.256409184446031	0.243013788245719	0.121984600683259	0.581988324115891	-1
0.398033452739174	0.570033113846947	0.159079467277987	0.581991850328386	-1
0.507294138198066	0.32155964700209	0.742132219969346	0.236959027592839	-1
0.0191827022985827	0.327176679028398	0.584195492255926	0.977692698311294	1
0.271755199549066	0.574858564402916	0.284090278851334	0.99012336168321	1
0.819182939657697	0.914440296145258	0.13571748672609	0.655086943785129	1
0.823207889198958	0.86810914314438	0.854750251229984	0.795647648431334	1
0.983087012684582	0.892286568804977	0.847099765173905	0.973270524817075	1
0.510698650649463	0.667755375242621	0.802959752783391	0.651270122565087	1
0.491487480849333	0.0243097772665379	0.0194249365005668	0.455617030821536	-1
0.113850420434577	0.167916468054926	0.0869672052068715	0.221287277979123	-1
0.298046814513402	0.723349256249989	0.776885010065907	0.369429564943026	1
0.13751023234764	0.250100094678373	0.947787101343959	0.159866180099449	-1
0.785428969035809	0.866301846537468	0.561926388755179	0.888624260796966	1
0.310655740430608	0.222274508179026	0.932583771599138	0.425728886707482	1
0.0205368747118833	0.615603391068859	0.780660555710394	0.0294173773965198	-1
0.543375357991156	0.612476521604833	0.684241864522942	0.934919182301691	1
0.991244522413243	0.902483918235333	0.941612066960044	0.485275893574972	1
0.678178408026756	0.978682419021311	0.87949090165095	0.00440111608586591	1
0.232671996746479	0.139004133562494	0.844128766971263	0.756077975751616	1
0.336849221801859	0.250108896667513	0.258213752677943	0.82232574470175	-1
0.130104088505977	0.887073861733072	0.881542662169775	0.347257675839749	1
0.740014029133679	0.837754088311556	0.84981058164588	0.850738762892128	1
0.792450256041253	0.0822367027789852	0.0229988190298478	0.0420832955108423	-1
0.816606869482943	0.974559621252155	0.260994109988484	0.262560808450139	-1
0.440106772568772	0.54255048088838	0.722648855525758	0.812007370389743	1
0.273206734138203	0.772145728679789	0.582820555290748	0.508806595720422	1
0.426309029435505	0.16577140498886	0.980191082427833	0.718037141758366	1
0.274500790865265	0.808157594862934	0.262683322018074	0.284094836911443	-1
0.037817329280319	0.200794366112675	0.606009278412696	0.986627034783304	1
0.975620052709449	0.567219831742989	0.216370359542776	0.357828367570427	-1
0.0652760266685171	0.530187328084665	0.665782481103687	0.651329841882607	1
0.344732500716308	0.628840151391017	0.476236212858577	0.0249812437990116	-1
0.119228682215141	0.205305407236082	0.0983707256820843	0.319319160059841	-1
0.297654708712674	0.632696799347414	0.138476975209752	0.63068469353356	-1
0.371305023779943	0.510660371821729	0.70438169367328	0.86548944874756	1
0.347025800278761	0.748989274523339	0.969530799303836	0.01844109549031	-1
0.912389493086355	0.0527764681334588	0.0637764886414338	0.257395510816345	-1
0.901263248039573	0.241172523202934	0.982434670304141	0.448480085289297	1
0.257598891175352	0.112238660467455	0.459653165834094	0.651555538018734	-1
0.731610058364442	0.370168199008262	0.1222590585738	0.921234639946839	1
0.271628825644175	0.705418490276543	0.598225405492752	0.208095763857251	-1
0.195314602167389	0.237806066634462	0.0676678210738793	0.650613121228723	-1
0.921722062577206	0.0633222313568069	0.471931131090013	0.875813491612924	1
0.232155336291175	0.400801225484472	0.406800689852528	0.000800262178607625	-1
0.942000350133387	0.393719988024543	0.241242369797515	0.15372373593349	-1
0.283415024177092	0.259608754780032	0.790529258766821	0.382613226787335	-1
0.815977106022917	0.839570188152365	0.839493945835297	0.140222199993978	1
0.878521718218085	0.866764564411255	0.290162035113934	0.759015105861273	1
0.843589744384293	0.0165275390148878	0.244864538089697	0.612296394258685	-1
0.958292312426185	0.225990413990672	0.937855159998048	0.413431707980301	1
0.964495757169079	0.372487658922338	0.99503260435338	0.0527506883488726	-1
0.272435068986258	0.109768220718195	0.549328039685161	0.575296882627448	-1
0.200734620606386	0.405483150618196	0.800238916300199	0.153713092853472	-1
0.0852017135591758	0.958374622063474	0.821677118987179	0.0590833731418527	-1
0.864075410766265	0.51368311837426	0.59190469670656	0.476947566341401	1
0.745418035114344	0.40712199716063	0.902424434967127	0.0491248336731829	-1
0.00791242795888891	0.733568351525278	0.261970643279934	0.378218135129707	-1
0.962482388899449	0.904237648908548	0.363028031301109	0.435136126470532	1
0.770019471341261	0.089023599373192	0.540538755526907	0.0257015131127432	-1
0.659334299813029	0.967995648729868	0.79770994618762	0.75607960458391	1
0.186637617247062	0.182480970664145	0.977301583801417	0.484646707980509	1
0.418903175945506	0.992067408441784	0.046777799194853	0.146939147556459	-1
0.28200416725527	0.535225053341364	0.973688832173789	0.318019162654274	1
0.0923049545542973	0.149658606191792	0.478186314936618	0.551127780185517	-1
0.367313244513173	0.84119691277705	0.950356559261191	0.661656043267605	1
0.0950623152386392	0.869851655911503	0.851905433967499	0.860668766930651	1
0.519231329329404	0.737110689186395	0.0285895336601492	0.272498347520944	-1
0.281881907579734	0.563674472241644	0.038731973787872	0.576954137046791	-1
0.150473837552614	0.911423077426846	0.054382613121728	0.619754569737829	-1
0.0610298530118634	0.762767845381376	0.268502115349417	0.0467986580205846	-1
0.433581657751422	0.375672534885766	0.400412329110022	0.691389721450911	1
0.0939193757112555	0.503931625659575	0.743805170884567	0.822122568845877	1
0.446013969620086	0.610230897369576	0.358536457920717	0.212400595512015	-1
0.749049727263714	0.00959247172754374	0.936554375747303	0.514153010891413	1
0.263221231816008	0.155021923555353	0.476737718959253	0.16731331439636	-1
0.539021632964069	0.373431844323321	0.160632344594713	0.918130584483315	1
0.00583248375153644	0.392455126644194	0.0674132345609557	0.188682030117043	-1
0.265741980632544	0.362878991207353	0.791291114415767	0.369414145430902	-1
0.620855890870221	0.596056531437057	0.285680845377481	0.120518598946184	-1
0.639484134274984	0.189635858043303	0.779738631876281	0.133461836613826	-1
0.803970782420439	0.806686580174897	0.243356806930091	0.290166729748428	-1
0.516718960398538	0.541275924581598	0.910323884630341	0.304229517137422	1
0.335402596380707	0.251853831545702	0.553184015556081	0.666809837727364	1
0.205836975238004	0.192174438853229	0.987559259499388	0.62074488881472	1
0.432007426740942	0.70326203524084	0.0716505129806926	0.411924737100158	-1
0.0159630289084198	0.150099395076936	0.86475380915962	0.819563618803237	1
0.992427745405312	0.959876959013855	0.676488357405145	0.939875752778541	1
0.22894775499957	0.327019163482888	0.238726421478301	0.0246028197246844	-1
0.445188683482289	0.941650907694822	0.880763261501396	0.381257893634263	1
0.148862069227537	0.4581444361134	0.707535710204279	0.647261792427152	1
0.195829872462173	0.212067168301999	0.685178661700828	0.76502514839779	1
0.938933232405251	0.576636320383699	0.527394583691613	0.130247179973885	-1
0.501725718736413	0.626421172039372	0.547285722718893	0.502795968614429	1
0.561029435769218	0.529544751920312	0.422274651088966	0.792968763563742	1
0.442048299379795	0.534791581725045	0.817469391767485	0.505568122702591	1
0.443909480001611	0.0860658718838039	0.0829466082346038	0.876574754854595	-1
0.726431472170677	0.0684924526382815	0.313941687692004	0.694714415753801	-1
0.986872035071134	0.692886075443951	0.746442609290792	0.822094106794388	1
0.552438465284016	0.191408324440062	0.670113694599092	0.781980517569941	1
0.492004467937097	0.768601358616692	0.995554096920241	0.0195822760766404	1
0.748656064686575	0.951319078322058	0.299689447506619	0.818218065677662	1
0.215850628572742	0.885743210388014	0.0688966209036117	0.290542859576469	-1
0.991088400684308	0.508032554442735	0.981642520378909	0.195898719103305	1
0.653197534239911	0.680684791426799	0.589923430144292	0.475393864082115	1
0.561879640650407	0.918493386432431	0.293692146360268	0.651658114414239	1
0.688435791861867	0.820783784245421	0.37995109622835	0.556663384290623	1
0.000100776296793725	0.640764859885252	0.396591296321514	0.0654487466259255	-1
0.660788924509877	0.934310010511226	0.731814600180282	0.60358973789581	1
0.330055827754709	0.0808889217909154	0.907660553610111	0.529965105052817	1
0.269589580519199	0.81593247371201	0.408464626555197	0.0825901690966404	-1
0.260570599229997	0.179481030359653	0.442821935394544	0.313418456681241	-1
0.0319134162500809	0.409017047878635	0.674765121508042	0.36810129435414	-1
0.862984933498726	0.989018097193309	0.903457123493563	0.0194027321423746	1
0.697264256009408	0.0357125955678868	0.870944483980505	0.609583526724968	1
0.75607722500877	0.428129336255751	0.737734880080904	0.459507031863446	1
0.622636945148617	0.0967798608087236	0.392599071646227	0.463020777599773	-1
0.752907763852964	0.915801396595725	0.215622736156131	0.497494332475277	1
0.616167124853508	0.99534404521502	0.454843015754928	0.579035797174463	1
0.257575295379471	0.386260718275281	0.222618353172219	0.39828003605431	-1
0.168709969641572	0.352228537967946	0.687143651516092	0.154780577482505	-1
0.439138992704986	0.264397613456879	0.19930627071049	0.020608067277216	-1
0.310072741082468	0.675253832871093	0.430577183162821	0.303050304316393	-1
0.550258823757265	0.520862228181485	0.590684515336502	0.469608406866392	1
0.751521332086472	0.136251374236622	0.935628260326819	0.170607045803401	-1
0.495963721972078	0.843655467419595	0.036802494932882	0.638499316404697	-1
0.21462887528941	0.236251333229944	0.656194631259336	0.0553927896916164	-1
0.768696308241733	0.667909041861478	0.83269112005021	0.605164607843129	1
0.733481753181511	0.344514197050728	0.676509879354381	0.821970640341	1
0.79328142705906	0.434853437916175	0.0334725851800464	0.168467260492484	-1
0.478198500612965	0.209383246943133	0.500591938960621	0.51679400015832	-1
0.874132769965474	0.380489175091483	0.390343344281373	0.695267836851677	1
0.795471008116156	0.407995335481928	0.760998512474355	0.0207932426178346	-1
0.731567750438433	0.0809290427512366	0.067215685878633	0.144985440754787	-1
0.995862158176184	0.988734348457939	0.804527731283496	0.875351636991589	1
0.331568919611431	0.865737506367211	0.392390626824319	0.306615378704144	-1
0.499567702529223	0.310798657547195	0.585121155883922	0.417066711617316	-1
0.409779276342125	0.144463816468786	0.743559243866738	0.696964510717571	1
0.302464890254331	0.0289111282168903	0.12095764055881	0.717421323282061	-1
0.564151637644233	0.817541915993488	0.895874874663573	0.296404339517913	1
0.526028168924345	0.0628018098212806	0.45729690051159	0.941652762799642	1
0.170555047998835	0.849956804241529	0.550533932381878	0.0572309493929808	-1
0.0227000935814807	0.563944997340656	0.417451931843129	0.390522289360099	-1
0.661774018560681	0.774553578137485	0.305248390525119	0.90975996855402	1
0.622563390803268	0.346133916716497	0.421339747263783	0.669351548729232	1
0.627667937624441	0.981827848235952	0.30438020293094	0.140606392876357	-1
0.493300903421488	0.942125475538191	0.453418069958925	0.245877358961785	-1
0.587124227580407	0.782808064918754	0.379083004302668	0.0594726811084243	-1
0.835299702597911	0.905011736231259	0.828545356873061	0.430707860516456	1
0.219082708637931	0.181530525359705	0.947483291398111	0.566282705288593	1
0.710701150664267	0.700835386872129	0.614247117952711	0.471782777429688	1
0.584976190278642	0.608664822979847	0.09465651635524	0.0153149442174154	-1
